0 0
0 1
1 2
1 3
2 4
2 5
3 6
3 7
4 8
4 9
5 10
5 11
6 12
6 13
7 14
7 15
8 16
8 17
9 18
9 19
10 20
10 21
11 22
11 23
12 24
12 25
13 26
13 27
14 28
14 29
15 30
15 31
16 32
16 33
17 34
17 35
18 36
18 37
19 38
19 39
20 40
20 41
21 42
21 43
22 44
22 45
23 46
23 47
24 48
24 49
25 50
25 51
26 52
26 53
27 54
27 55
28 56
28 57
29 58
29 59
30 60
30 61
31 62
31 63
32 64
32 65
33 66
33 67
34 68
34 69
35 70
35 71
36 72
36 73
37 74
37 75
38 76
38 77
39 78
39 79
40 80
40 81
41 82
41 83
42 84
42 85
43 86
43 87
44 88
44 89
45 90
45 91
46 92
46 93
47 94
47 95
48 96
48 97
49 98
49 99
50 100
50 101
51 102
51 103
52 104
52 105
53 106
53 107
54 108
54 109
55 110
55 111
56 112
56 113
57 114
57 115
58 116
58 117
59 118
59 119
60 120
60 121
61 122
61 123
62 124
62 125
63 126
63 127
64 128
64 129
65 130
65 131
66 132
66 133
67 134
67 135
68 136
68 137
69 138
69 139
70 140
70 141
71 142
71 143
72 144
72 145
73 146
73 147
74 148
74 149
75 150
75 151
76 152
76 153
77 154
77 155
78 156
78 157
79 158
79 159
80 160
80 161
81 162
81 163
82 164
82 165
83 166
83 167
84 168
84 169
85 170
85 171
86 172
86 173
87 174
87 175
88 176
88 177
89 178
89 179
90 180
90 181
91 182
91 183
92 184
92 185
93 186
93 187
94 188
94 189
95 190
95 191
96 192
96 193
97 194
97 195
98 196
98 197
99 198
99 199
100 200
100 201
101 202
101 203
102 204
102 205
103 206
103 207
104 208
104 209
105 210
105 211
106 212
106 213
107 214
107 215
108 216
108 217
109 218
109 219
110 220
110 221
111 222
111 223
112 224
112 225
113 226
113 227
114 228
114 229
115 230
115 231
116 232
116 233
117 234
117 235
118 236
118 237
119 238
119 239
120 240
120 241
121 242
121 243
122 244
122 245
123 246
123 247
124 248
124 249
125 250
125 251
126 252
126 253
127 254
127 255
128 256
128 257
129 258
129 259
130 260
130 261
131 262
131 263
132 264
132 265
133 266
133 267
134 268
134 269
135 270
135 271
136 272
136 273
137 274
137 275
138 276
138 277
139 278
139 279
140 280
140 281
141 282
141 283
142 284
142 285
143 286
143 287
144 288
144 289
145 290
145 291
146 292
146 293
147 294
147 295
148 296
148 297
149 298
149 299
150 300
150 301
151 302
151 303
152 304
152 305
153 306
153 307
154 308
154 309
155 310
155 311
156 312
156 313
157 314
157 315
158 316
158 317
159 318
159 319
160 320
160 321
161 322
161 323
162 324
162 325
163 326
163 327
164 328
164 329
165 330
165 331
166 332
166 333
167 334
167 335
168 336
168 337
169 338
169 339
170 340
170 341
171 342
171 343
172 344
172 345
173 346
173 347
174 348
174 349
175 350
175 351
176 352
176 353
177 354
177 355
178 356
178 357
179 358
179 359
180 360
180 361
181 362
181 363
182 364
182 365
183 366
183 367
184 368
184 369
185 370
185 371
186 372
186 373
187 374
187 375
188 376
188 377
189 378
189 379
190 380
190 381
191 382
191 383
192 384
192 385
193 386
193 387
194 388
194 389
195 390
195 391
196 392
196 393
197 394
197 395
198 396
198 397
199 398
199 399
200 400
200 401
201 402
201 403
202 404
202 405
203 406
203 407
204 408
204 409
205 410
205 411
206 412
206 413
207 414
207 415
208 416
208 417
209 418
209 419
210 420
210 421
211 422
211 423
212 424
212 425
213 426
213 427
214 428
214 429
215 430
215 431
216 432
216 433
217 434
217 435
218 436
218 437
219 438
219 439
220 440
220 441
221 442
221 443
222 444
222 445
223 446
223 447
224 448
224 449
225 450
225 451
226 452
226 453
227 454
227 455
228 456
228 457
229 458
229 459
230 460
230 461
231 462
231 463
232 464
232 465
233 466
233 467
234 468
234 469
235 470
235 471
236 472
236 473
237 474
237 475
238 476
238 477
239 478
239 479
240 480
240 481
241 482
241 483
242 484
242 485
243 486
243 487
244 488
244 489
245 490
245 491
246 492
246 493
247 494
247 495
248 496
248 497
249 498
249 499
250 500
250 501
251 502
251 503
252 504
252 505
253 506
253 507
254 508
254 509
255 510
255 511
256 512
256 513
257 514
257 515
258 516
258 517
259 518
259 519
260 520
260 521
261 522
261 523
262 524
262 525
263 526
263 527
264 528
264 529
265 530
265 531
266 532
266 533
267 534
267 535
268 536
268 537
269 538
269 539
270 540
270 541
271 542
271 543
272 544
272 545
273 546
273 547
274 548
274 549
275 550
275 551
276 552
276 553
277 554
277 555
278 556
278 557
279 558
279 559
280 560
280 561
281 562
281 563
282 564
282 565
283 566
283 567
284 568
284 569
285 570
285 571
286 572
286 573
287 574
287 575
288 576
288 577
289 578
289 579
290 580
290 581
291 582
291 583
292 584
292 585
293 586
293 587
294 588
294 589
295 590
295 591
296 592
296 593
297 594
297 595
298 596
298 597
299 598
299 599
300 600
300 601
301 602
301 603
302 604
302 605
303 606
303 607
304 608
304 609
305 610
305 611
306 612
306 613
307 614
307 615
308 616
308 617
309 618
309 619
310 620
310 621
311 622
311 623
312 624
312 625
313 626
313 627
314 628
314 629
315 630
315 631
316 632
316 633
317 634
317 635
318 636
318 637
319 638
319 639
320 640
320 641
321 642
321 643
322 644
322 645
323 646
323 647
324 648
324 649
325 650
325 651
326 652
326 653
327 654
327 655
328 656
328 657
329 658
329 659
330 660
330 661
331 662
331 663
332 664
332 665
333 666
333 667
334 668
334 669
335 670
335 671
336 672
336 673
337 674
337 675
338 676
338 677
339 678
339 679
340 680
340 681
341 682
341 683
342 684
342 685
343 686
343 687
344 688
344 689
345 690
345 691
346 692
346 693
347 694
347 695
348 696
348 697
349 698
349 699
350 700
350 701
351 702
351 703
352 704
352 705
353 706
353 707
354 708
354 709
355 710
355 711
356 712
356 713
357 714
357 715
358 716
358 717
359 718
359 719
360 720
360 721
361 722
361 723
362 724
362 725
363 726
363 727
364 728
364 729
365 730
365 731
366 732
366 733
367 734
367 735
368 736
368 737
369 738
369 739
370 740
370 741
371 742
371 743
372 744
372 745
373 746
373 747
374 748
374 749
375 750
375 751
376 752
376 753
377 754
377 755
378 756
378 757
379 758
379 759
380 760
380 761
381 762
381 763
382 764
382 765
383 766
383 767
384 768
384 769
385 770
385 771
386 772
386 773
387 774
387 775
388 776
388 777
389 778
389 779
390 780
390 781
391 782
391 783
392 784
392 785
393 786
393 787
394 788
394 789
395 790
395 791
396 792
396 793
397 794
397 795
398 796
398 797
399 798
399 799
400 800
400 801
401 802
401 803
402 804
402 805
403 806
403 807
404 808
404 809
405 810
405 811
406 812
406 813
407 814
407 815
408 816
408 817
409 818
409 819
410 820
410 821
411 822
411 823
412 824
412 825
413 826
413 827
414 828
414 829
415 830
415 831
416 832
416 833
417 834
417 835
418 836
418 837
419 838
419 839
420 840
420 841
421 842
421 843
422 844
422 845
423 846
423 847
424 848
424 849
425 850
425 851
426 852
426 853
427 854
427 855
428 856
428 857
429 858
429 859
430 860
430 861
431 862
431 863
432 864
432 865
433 866
433 867
434 868
434 869
435 870
435 871
436 872
436 873
437 874
437 875
438 876
438 877
439 878
439 879
440 880
440 881
441 882
441 883
442 884
442 885
443 886
443 887
444 888
444 889
445 890
445 891
446 892
446 893
447 894
447 895
448 896
448 897
449 898
449 899
450 900
450 901
451 902
451 903
452 904
452 905
453 906
453 907
454 908
454 909
455 910
455 911
456 912
456 913
457 914
457 915
458 916
458 917
459 918
459 919
460 920
460 921
461 922
461 923
462 924
462 925
463 926
463 927
464 928
464 929
465 930
465 931
466 932
466 933
467 934
467 935
468 936
468 937
469 938
469 939
470 940
470 941
471 942
471 943
472 944
472 945
473 946
473 947
474 948
474 949
475 950
475 951
476 952
476 953
477 954
477 955
478 956
478 957
479 958
479 959
480 960
480 961
481 962
481 963
482 964
482 965
483 966
483 967
484 968
484 969
485 970
485 971
486 972
486 973
487 974
487 975
488 976
488 977
489 978
489 979
490 980
490 981
491 982
491 983
492 984
492 985
493 986
493 987
494 988
494 989
495 990
495 991
496 992
496 993
497 994
497 995
498 996
498 997
499 998
499 999
500 1000
500 1001
501 1002
501 1003
502 1004
502 1005
503 1006
503 1007
504 1008
504 1009
505 1010
505 1011
506 1012
506 1013
507 1014
507 1015
508 1016
508 1017
509 1018
509 1019
510 1020
510 1021
511 1022
511 1023
512 1024
512 1025
513 1026
513 1027
514 1028
514 1029
515 1030
515 1031
516 1032
516 1033
517 1034
517 1035
518 1036
518 1037
519 1038
519 1039
520 1040
520 1041
521 1042
521 1043
522 1044
522 1045
523 1046
523 1047
524 1048
524 1049
525 1050
525 1051
526 1052
526 1053
527 1054
527 1055
528 1056
528 1057
529 1058
529 1059
530 1060
530 1061
531 1062
531 1063
532 1064
532 1065
533 1066
533 1067
534 1068
534 1069
535 1070
535 1071
536 1072
536 1073
537 1074
537 1075
538 1076
538 1077
539 1078
539 1079
540 1080
540 1081
541 1082
541 1083
542 1084
542 1085
543 1086
543 1087
544 1088
544 1089
545 1090
545 1091
546 1092
546 1093
547 1094
547 1095
548 1096
548 1097
549 1098
549 1099
550 1100
550 1101
551 1102
551 1103
552 1104
552 1105
553 1106
553 1107
554 1108
554 1109
555 1110
555 1111
556 1112
556 1113
557 1114
557 1115
558 1116
558 1117
559 1118
559 1119
560 1120
560 1121
561 1122
561 1123
562 1124
562 1125
563 1126
563 1127
564 1128
564 1129
565 1130
565 1131
566 1132
566 1133
567 1134
567 1135
568 1136
568 1137
569 1138
569 1139
570 1140
570 1141
571 1142
571 1143
572 1144
572 1145
573 1146
573 1147
574 1148
574 1149
575 1150
575 1151
576 1152
576 1153
577 1154
577 1155
578 1156
578 1157
579 1158
579 1159
580 1160
580 1161
581 1162
581 1163
582 1164
582 1165
583 1166
583 1167
584 1168
584 1169
585 1170
585 1171
586 1172
586 1173
587 1174
587 1175
588 1176
588 1177
589 1178
589 1179
590 1180
590 1181
591 1182
591 1183
592 1184
592 1185
593 1186
593 1187
594 1188
594 1189
595 1190
595 1191
596 1192
596 1193
597 1194
597 1195
598 1196
598 1197
599 1198
599 1199
600 1200
600 1201
601 1202
601 1203
602 1204
602 1205
603 1206
603 1207
604 1208
604 1209
605 1210
605 1211
606 1212
606 1213
607 1214
607 1215
608 1216
608 1217
609 1218
609 1219
610 1220
610 1221
611 1222
611 1223
612 1224
612 1225
613 1226
613 1227
614 1228
614 1229
615 1230
615 1231
616 1232
616 1233
617 1234
617 1235
618 1236
618 1237
619 1238
619 1239
620 1240
620 1241
621 1242
621 1243
622 1244
622 1245
623 1246
623 1247
624 1248
624 1249
625 1250
625 1251
626 1252
626 1253
627 1254
627 1255
628 1256
628 1257
629 1258
629 1259
630 1260
630 1261
631 1262
631 1263
632 1264
632 1265
633 1266
633 1267
634 1268
634 1269
635 1270
635 1271
636 1272
636 1273
637 1274
637 1275
638 1276
638 1277
639 1278
639 1279
640 1280
640 1281
641 1282
641 1283
642 1284
642 1285
643 1286
643 1287
644 1288
644 1289
645 1290
645 1291
646 1292
646 1293
647 1294
647 1295
648 1296
648 1297
649 1298
649 1299
650 1300
650 1301
651 1302
651 1303
652 1304
652 1305
653 1306
653 1307
654 1308
654 1309
655 1310
655 1311
656 1312
656 1313
657 1314
657 1315
658 1316
658 1317
659 1318
659 1319
660 1320
660 1321
661 1322
661 1323
662 1324
662 1325
663 1326
663 1327
664 1328
664 1329
665 1330
665 1331
666 1332
666 1333
667 1334
667 1335
668 1336
668 1337
669 1338
669 1339
670 1340
670 1341
671 1342
671 1343
672 1344
672 1345
673 1346
673 1347
674 1348
674 1349
675 1350
675 1351
676 1352
676 1353
677 1354
677 1355
678 1356
678 1357
679 1358
679 1359
680 1360
680 1361
681 1362
681 1363
682 1364
682 1365
683 1366
683 1367
684 1368
684 1369
685 1370
685 1371
686 1372
686 1373
687 1374
687 1375
688 1376
688 1377
689 1378
689 1379
690 1380
690 1381
691 1382
691 1383
692 1384
692 1385
693 1386
693 1387
694 1388
694 1389
695 1390
695 1391
696 1392
696 1393
697 1394
697 1395
698 1396
698 1397
699 1398
699 1399
700 1400
700 1401
701 1402
701 1403
702 1404
702 1405
703 1406
703 1407
704 1408
704 1409
705 1410
705 1411
706 1412
706 1413
707 1414
707 1415
708 1416
708 1417
709 1418
709 1419
710 1420
710 1421
711 1422
711 1423
712 1424
712 1425
713 1426
713 1427
714 1428
714 1429
715 1430
715 1431
716 1432
716 1433
717 1434
717 1435
718 1436
718 1437
719 1438
719 1439
720 1440
720 1441
721 1442
721 1443
722 1444
722 1445
723 1446
723 1447
724 1448
724 1449
725 1450
725 1451
726 1452
726 1453
727 1454
727 1455
728 1456
728 1457
729 1458
729 1459
730 1460
730 1461
731 1462
731 1463
732 1464
732 1465
733 1466
733 1467
734 1468
734 1469
735 1470
735 1471
736 1472
736 1473
737 1474
737 1475
738 1476
738 1477
739 1478
739 1479
740 1480
740 1481
741 1482
741 1483
742 1484
742 1485
743 1486
743 1487
744 1488
744 1489
745 1490
745 1491
746 1492
746 1493
747 1494
747 1495
748 1496
748 1497
749 1498
749 1499
750 1500
750 1501
751 1502
751 1503
752 1504
752 1505
753 1506
753 1507
754 1508
754 1509
755 1510
755 1511
756 1512
756 1513
757 1514
757 1515
758 1516
758 1517
759 1518
759 1519
760 1520
760 1521
761 1522
761 1523
762 1524
762 1525
763 1526
763 1527
764 1528
764 1529
765 1530
765 1531
766 1532
766 1533
767 1534
767 1535
768 1536
768 1537
769 1538
769 1539
770 1540
770 1541
771 1542
771 1543
772 1544
772 1545
773 1546
773 1547
774 1548
774 1549
775 1550
775 1551
776 1552
776 1553
777 1554
777 1555
778 1556
778 1557
779 1558
779 1559
780 1560
780 1561
781 1562
781 1563
782 1564
782 1565
783 1566
783 1567
784 1568
784 1569
785 1570
785 1571
786 1572
786 1573
787 1574
787 1575
788 1576
788 1577
789 1578
789 1579
790 1580
790 1581
791 1582
791 1583
792 1584
792 1585
793 1586
793 1587
794 1588
794 1589
795 1590
795 1591
796 1592
796 1593
797 1594
797 1595
798 1596
798 1597
799 1598
799 1599
800 1600
800 1601
801 1602
801 1603
802 1604
802 1605
803 1606
803 1607
804 1608
804 1609
805 1610
805 1611
806 1612
806 1613
807 1614
807 1615
808 1616
808 1617
809 1618
809 1619
810 1620
810 1621
811 1622
811 1623
812 1624
812 1625
813 1626
813 1627
814 1628
814 1629
815 1630
815 1631
816 1632
816 1633
817 1634
817 1635
818 1636
818 1637
819 1638
819 1639
820 1640
820 1641
821 1642
821 1643
822 1644
822 1645
823 1646
823 1647
824 1648
824 1649
825 1650
825 1651
826 1652
826 1653
827 1654
827 1655
828 1656
828 1657
829 1658
829 1659
830 1660
830 1661
831 1662
831 1663
832 1664
832 1665
833 1666
833 1667
834 1668
834 1669
835 1670
835 1671
836 1672
836 1673
837 1674
837 1675
838 1676
838 1677
839 1678
839 1679
840 1680
840 1681
841 1682
841 1683
842 1684
842 1685
843 1686
843 1687
844 1688
844 1689
845 1690
845 1691
846 1692
846 1693
847 1694
847 1695
848 1696
848 1697
849 1698
849 1699
850 1700
850 1701
851 1702
851 1703
852 1704
852 1705
853 1706
853 1707
854 1708
854 1709
855 1710
855 1711
856 1712
856 1713
857 1714
857 1715
858 1716
858 1717
859 1718
859 1719
860 1720
860 1721
861 1722
861 1723
862 1724
862 1725
863 1726
863 1727
864 1728
864 1729
865 1730
865 1731
866 1732
866 1733
867 1734
867 1735
868 1736
868 1737
869 1738
869 1739
870 1740
870 1741
871 1742
871 1743
872 1744
872 1745
873 1746
873 1747
874 1748
874 1749
875 1750
875 1751
876 1752
876 1753
877 1754
877 1755
878 1756
878 1757
879 1758
879 1759
880 1760
880 1761
881 1762
881 1763
882 1764
882 1765
883 1766
883 1767
884 1768
884 1769
885 1770
885 1771
886 1772
886 1773
887 1774
887 1775
888 1776
888 1777
889 1778
889 1779
890 1780
890 1781
891 1782
891 1783
892 1784
892 1785
893 1786
893 1787
894 1788
894 1789
895 1790
895 1791
896 1792
896 1793
897 1794
897 1795
898 1796
898 1797
899 1798
899 1799
900 1800
900 1801
901 1802
901 1803
902 1804
902 1805
903 1806
903 1807
904 1808
904 1809
905 1810
905 1811
906 1812
906 1813
907 1814
907 1815
908 1816
908 1817
909 1818
909 1819
910 1820
910 1821
911 1822
911 1823
912 1824
912 1825
913 1826
913 1827
914 1828
914 1829
915 1830
915 1831
916 1832
916 1833
917 1834
917 1835
918 1836
918 1837
919 1838
919 1839
920 1840
920 1841
921 1842
921 1843
922 1844
922 1845
923 1846
923 1847
924 1848
924 1849
925 1850
925 1851
926 1852
926 1853
927 1854
927 1855
928 1856
928 1857
929 1858
929 1859
930 1860
930 1861
931 1862
931 1863
932 1864
932 1865
933 1866
933 1867
934 1868
934 1869
935 1870
935 1871
936 1872
936 1873
937 1874
937 1875
938 1876
938 1877
939 1878
939 1879
940 1880
940 1881
941 1882
941 1883
942 1884
942 1885
943 1886
943 1887
944 1888
944 1889
945 1890
945 1891
946 1892
946 1893
947 1894
947 1895
948 1896
948 1897
949 1898
949 1899
950 1900
950 1901
951 1902
951 1903
952 1904
952 1905
953 1906
953 1907
954 1908
954 1909
955 1910
955 1911
956 1912
956 1913
957 1914
957 1915
958 1916
958 1917
959 1918
959 1919
960 1920
960 1921
961 1922
961 1923
962 1924
962 1925
963 1926
963 1927
964 1928
964 1929
965 1930
965 1931
966 1932
966 1933
967 1934
967 1935
968 1936
968 1937
969 1938
969 1939
970 1940
970 1941
971 1942
971 1943
972 1944
972 1945
973 1946
973 1947
974 1948
974 1949
975 1950
975 1951
976 1952
976 1953
977 1954
977 1955
978 1956
978 1957
979 1958
979 1959
980 1960
980 1961
981 1962
981 1963
982 1964
982 1965
983 1966
983 1967
984 1968
984 1969
985 1970
985 1971
986 1972
986 1973
987 1974
987 1975
988 1976
988 1977
989 1978
989 1979
990 1980
990 1981
991 1982
991 1983
992 1984
992 1985
993 1986
993 1987
994 1988
994 1989
995 1990
995 1991
996 1992
996 1993
997 1994
997 1995
998 1996
998 1997
999 1998
999 1999
1000 2000
1000 2001
1001 2002
1001 2003
1002 2004
1002 2005
1003 2006
1003 2007
1004 2008
1004 2009
1005 2010
1005 2011
1006 2012
1006 2013
1007 2014
1007 2015
1008 2016
1008 2017
1009 2018
1009 2019
1010 2020
1010 2021
1011 2022
1011 2023
1012 2024
1012 2025
1013 2026
1013 2027
1014 2028
1014 2029
1015 2030
1015 2031
1016 2032
1016 2033
1017 2034
1017 2035
1018 2036
1018 2037
1019 2038
1019 2039
1020 2040
1020 2041
1021 2042
1021 2043
1022 2044
1022 2045
1023 2046
1023 2047
1024 2048
1024 2049
1025 2050
1025 2051
1026 2052
1026 2053
1027 2054
1027 2055
1028 2056
1028 2057
1029 2058
1029 2059
1030 2060
1030 2061
1031 2062
1031 2063
1032 2064
1032 2065
1033 2066
1033 2067
1034 2068
1034 2069
1035 2070
1035 2071
1036 2072
1036 2073
1037 2074
1037 2075
1038 2076
1038 2077
1039 2078
1039 2079
1040 2080
1040 2081
1041 2082
1041 2083
1042 2084
1042 2085
1043 2086
1043 2087
1044 2088
1044 2089
1045 2090
1045 2091
1046 2092
1046 2093
1047 2094
1047 2095
1048 2096
1048 2097
1049 2098
1049 2099
1050 2100
1050 2101
1051 2102
1051 2103
1052 2104
1052 2105
1053 2106
1053 2107
1054 2108
1054 2109
1055 2110
1055 2111
1056 2112
1056 2113
1057 2114
1057 2115
1058 2116
1058 2117
1059 2118
1059 2119
1060 2120
1060 2121
1061 2122
1061 2123
1062 2124
1062 2125
1063 2126
1063 2127
1064 2128
1064 2129
1065 2130
1065 2131
1066 2132
1066 2133
1067 2134
1067 2135
1068 2136
1068 2137
1069 2138
1069 2139
1070 2140
1070 2141
1071 2142
1071 2143
1072 2144
1072 2145
1073 2146
1073 2147
1074 2148
1074 2149
1075 2150
1075 2151
1076 2152
1076 2153
1077 2154
1077 2155
1078 2156
1078 2157
1079 2158
1079 2159
1080 2160
1080 2161
1081 2162
1081 2163
1082 2164
1082 2165
1083 2166
1083 2167
1084 2168
1084 2169
1085 2170
1085 2171
1086 2172
1086 2173
1087 2174
1087 2175
1088 2176
1088 2177
1089 2178
1089 2179
1090 2180
1090 2181
1091 2182
1091 2183
1092 2184
1092 2185
1093 2186
1093 2187
1094 2188
1094 2189
1095 2190
1095 2191
1096 2192
1096 2193
1097 2194
1097 2195
1098 2196
1098 2197
1099 2198
1099 2199
1100 2200
1100 2201
1101 2202
1101 2203
1102 2204
1102 2205
1103 2206
1103 2207
1104 2208
1104 2209
1105 2210
1105 2211
1106 2212
1106 2213
1107 2214
1107 2215
1108 2216
1108 2217
1109 2218
1109 2219
1110 2220
1110 2221
1111 2222
1111 2223
1112 2224
1112 2225
1113 2226
1113 2227
1114 2228
1114 2229
1115 2230
1115 2231
1116 2232
1116 2233
1117 2234
1117 2235
1118 2236
1118 2237
1119 2238
1119 2239
1120 2240
1120 2241
1121 2242
1121 2243
1122 2244
1122 2245
1123 2246
1123 2247
1124 2248
1124 2249
1125 2250
1125 2251
1126 2252
1126 2253
1127 2254
1127 2255
1128 2256
1128 2257
1129 2258
1129 2259
1130 2260
1130 2261
1131 2262
1131 2263
1132 2264
1132 2265
1133 2266
1133 2267
1134 2268
1134 2269
1135 2270
1135 2271
1136 2272
1136 2273
1137 2274
1137 2275
1138 2276
1138 2277
1139 2278
1139 2279
1140 2280
1140 2281
1141 2282
1141 2283
1142 2284
1142 2285
1143 2286
1143 2287
1144 2288
1144 2289
1145 2290
1145 2291
1146 2292
1146 2293
1147 2294
1147 2295
1148 2296
1148 2297
1149 2298
1149 2299
1150 2300
1150 2301
1151 2302
1151 2303
1152 2304
1152 2305
1153 2306
1153 2307
1154 2308
1154 2309
1155 2310
1155 2311
1156 2312
1156 2313
1157 2314
1157 2315
1158 2316
1158 2317
1159 2318
1159 2319
1160 2320
1160 2321
1161 2322
1161 2323
1162 2324
1162 2325
1163 2326
1163 2327
1164 2328
1164 2329
1165 2330
1165 2331
1166 2332
1166 2333
1167 2334
1167 2335
1168 2336
1168 2337
1169 2338
1169 2339
1170 2340
1170 2341
1171 2342
1171 2343
1172 2344
1172 2345
1173 2346
1173 2347
1174 2348
1174 2349
1175 2350
1175 2351
1176 2352
1176 2353
1177 2354
1177 2355
1178 2356
1178 2357
1179 2358
1179 2359
1180 2360
1180 2361
1181 2362
1181 2363
1182 2364
1182 2365
1183 2366
1183 2367
1184 2368
1184 2369
1185 2370
1185 2371
1186 2372
1186 2373
1187 2374
1187 2375
1188 2376
1188 2377
1189 2378
1189 2379
1190 2380
1190 2381
1191 2382
1191 2383
1192 2384
1192 2385
1193 2386
1193 2387
1194 2388
1194 2389
1195 2390
1195 2391
1196 2392
1196 2393
1197 2394
1197 2395
1198 2396
1198 2397
1199 2398
1199 2399
1200 2400
1200 2401
1201 2402
1201 2403
1202 2404
1202 2405
1203 2406
1203 2407
1204 2408
1204 2409
1205 2410
1205 2411
1206 2412
1206 2413
1207 2414
1207 2415
1208 2416
1208 2417
1209 2418
1209 2419
1210 2420
1210 2421
1211 2422
1211 2423
1212 2424
1212 2425
1213 2426
1213 2427
1214 2428
1214 2429
1215 2430
1215 2431
1216 2432
1216 2433
1217 2434
1217 2435
1218 2436
1218 2437
1219 2438
1219 2439
1220 2440
1220 2441
1221 2442
1221 2443
1222 2444
1222 2445
1223 2446
1223 2447
1224 2448
1224 2449
1225 2450
1225 2451
1226 2452
1226 2453
1227 2454
1227 2455
2455 -1200
1228 2456
2456 -344
1228 2457
2457 -345
1229 2458
2458 -346
1229 2459
2459 -347
1230 2460
2460 -340
1230 2461
2461 -341
1231 2462
2462 -342
1231 2463
2463 -343
1232 2464
2464 -348
1232 2465
2465 -349
1233 2466
2466 -2318
1233 2467
2467 -2319
1234 2468
2468 -2316
1234 2469
2469 -2317
1235 2470
2470 -2314
1235 2471
2471 -2315
1236 2472
2472 -2312
1236 2473
2473 -2313
1237 2474
2474 -2310
1237 2475
2475 -2311
1238 2476
2476 -298
1238 2477
2477 -299
1239 2478
2478 -296
1239 2479
2479 -297
1240 2480
2480 -294
1240 2481
2481 -295
1241 2482
2482 -292
1241 2483
2483 -293
1242 2484
2484 -290
1242 2485
2485 -291
1243 2486
2486 -587
1243 2487
2487 -270
1244 2488
2488 -271
1244 2489
2489 -272
1245 2490
2490 -273
1245 2491
2491 -274
1246 2492
2492 -275
1246 2493
2493 -276
1247 2494
2494 -277
1247 2495
2495 -278
1248 2496
2496 -279
1248 2497
2497 -1780
1249 2498
2498 -581
1249 2499
2499 -2268
1250 2500
2500 -2269
1250 2501
2501 -2262
1251 2502
2502 -2263
1251 2503
2503 -2260
1252 2504
2504 -2261
1252 2505
2505 -2266
1253 2506
2506 -2267
1253 2507
2507 -2264
1254 2508
2508 -2265
1254 2509
2509 -2442
1255 2510
2510 -2443
1255 2511
2511 -2440
1256 2512
2512 -2441
1256 2513
2513 -2446
1257 2514
2514 -2447
1257 2515
2515 -2444
1258 2516
2516 -2445
1258 2517
2517 -2448
1259 2518
2518 -2449
1259 2519
2519 -2189
1260 2520
2520 -108
1260 2521
2521 -109
1261 2522
2522 -102
1261 2523
2523 -103
1262 2524
2524 -100
1262 2525
2525 -101
1263 2526
2526 -106
1263 2527
2527 -107
1264 2528
2528 -104
1264 2529
2529 -105
1265 2530
2530 -2046
1265 2531
2531 -2047
1266 2532
2532 -2044
1266 2533
2533 -2045
1267 2534
2534 -2042
1267 2535
2535 -2043
1268 2536
2536 -2040
1268 2537
2537 -2041
1269 2538
2538 -2048
1269 2539
2539 -2049
1270 2540
2540 -1210
1270 2541
2541 -1000
1271 2542
2542 -99
1271 2543
2543 -98
1272 2544
2544 -91
1272 2545
2545 -90
1273 2546
2546 -93
1273 2547
2547 -92
1274 2548
2548 -95
1274 2549
2549 -94
1275 2550
2550 -97
1275 2551
2551 -96
1276 2552
2552 -1991
1276 2553
2553 -1990
1277 2554
2554 -1621
1277 2555
2555 -1620
1278 2556
2556 -1995
1278 2557
2557 -1994
1279 2558
2558 -1997
1279 2559
2559 -1996
1280 2560
2560 -1999
1280 2561
2561 -1998
1281 2562
2562 -1629
1281 2563
2563 -1628
1282 2564
2564 -559
1282 2565
2565 -558
1283 2566
2566 -555
1283 2567
2567 -554
1284 2568
2568 -557
1284 2569
2569 -556
1285 2570
2570 -551
1285 2571
2571 -550
1286 2572
2572 -553
1286 2573
2573 -552
1287 2574
2574 -1439
1287 2575
2575 -1199
1288 2576
2576 -1198
1288 2577
2577 -1191
1289 2578
2578 -1190
1289 2579
2579 -1193
1290 2580
2580 -1192
1290 2581
2581 -1195
1291 2582
2582 -1194
1291 2583
2583 -1197
1292 2584
2584 -1196
1292 2585
2585 -1759
1293 2586
2586 -1758
1293 2587
2587 -1757
1294 2588
2588 -1756
1294 2589
2589 -1755
1295 2590
2590 -1754
1295 2591
2591 -1753
1296 2592
2592 -1752
1296 2593
2593 -1751
1297 2594
2594 -1750
1297 2595
2595 -1177
1298 2596
2596 -1176
1298 2597
2597 -1175
1299 2598
2598 -1174
1299 2599
2599 -1173
1300 2600
2600 -1172
1300 2601
2601 -1171
1301 2602
2602 -1170
1301 2603
2603 -1179
1302 2604
2604 -1178
1302 2605
2605 -511
1303 2606
2606 -510
1303 2607
2607 -513
1304 2608
2608 -1285
1304 2609
2609 -1284
1305 2610
2610 -1287
1305 2611
2611 -512
1306 2612
2612 -1281
1306 2613
2613 -1280
1307 2614
2614 -1283
1307 2615
2615 -1282
1308 2616
2616 -515
1308 2617
2617 -1289
1309 2618
2618 -1288
1309 2619
2619 -514
1310 2620
2620 -1579
1310 2621
2621 -1578
1311 2622
2622 -689
1311 2623
2623 -688
1312 2624
2624 -1573
1312 2625
2625 -1572
1313 2626
2626 -687
1313 2627
2627 -1570
1314 2628
2628 -681
1314 2629
2629 -680
1315 2630
2630 -683
1315 2631
2631 -1574
1316 2632
2632 -458
1316 2633
2633 -622
1317 2634
2634 -1240
1317 2635
2635 -1225
1318 2636
2636 -873
1318 2637
2637 -1224
1319 2638
2638 -1223
1319 2639
2639 -626
1320 2640
2640 -625
1320 2641
2641 -1243
1321 2642
2642 -624
1321 2643
2643 -407
1322 2644
2644 -1370
1322 2645
2645 -1373
1323 2646
2646 -1372
1323 2647
2647 -1375
1324 2648
2648 -1374
1324 2649
2649 -1377
1325 2650
2650 -1376
1325 2651
2651 -1379
1326 2652
2652 -1378
1326 2653
2653 -452
1327 2654
2654 -409
1327 2655
2655 -408
1328 2656
2656 -1343
1328 2657
2657 -1242
1329 2658
2658 -1344
1329 2659
2659 -2148
1330 2660
2660 -1345
1330 2661
2661 -1346
1331 2662
2662 -457
1331 2663
2663 -1245
1332 2664
2664 -379
1332 2665
2665 -378
1333 2666
2666 -647
1333 2667
2667 -371
1334 2668
2668 -370
1334 2669
2669 -373
1335 2670
2670 -372
1335 2671
2671 -375
1336 2672
2672 -374
1336 2673
2673 -377
1337 2674
2674 -376
1337 2675
2675 -1019
1338 2676
2676 -1244
1338 2677
2677 -393
1339 2678
2678 -392
1339 2679
2679 -391
1340 2680
2680 -390
1340 2681
2681 -397
1341 2682
2682 -396
1341 2683
2683 -395
1342 2684
2684 -394
1342 2685
2685 -399
1343 2686
2686 -398
1343 2687
2687 -2309
1344 2688
2688 -2308
1344 2689
2689 -2301
1345 2690
2690 -2300
1345 2691
2691 -2303
1346 2692
2692 -2302
1346 2693
2693 -2305
1347 2694
2694 -2304
1347 2695
2695 -2307
1348 2696
2696 -2306
1348 2697
2697 -245
1349 2698
2698 -244
1349 2699
2699 -247
1350 2700
2700 -246
1350 2701
2701 -241
1351 2702
2702 -240
1351 2703
2703 -243
1352 2704
2704 -242
1352 2705
2705 -249
1353 2706
2706 -248
1353 2707
2707 -2275
1354 2708
2708 -2274
1354 2709
2709 -2277
1355 2710
2710 -2276
1355 2711
2711 -2271
1356 2712
2712 -2270
1356 2713
2713 -2273
1357 2714
2714 -2272
1357 2715
2715 -2279
1358 2716
2716 -2278
1358 2717
2717 -2154
1359 2718
2718 -2455
1359 2719
2719 -2454
1360 2720
2720 -2451
1360 2721
2721 -2450
1361 2722
2722 -2453
1361 2723
2723 -2452
1362 2724
2724 -179
1362 2725
2725 -178
1363 2726
2726 -177
1363 2727
2727 -176
1364 2728
2728 -175
1364 2729
2729 -174
1365 2730
2730 -173
1365 2731
2731 -172
1366 2732
2732 -171
1366 2733
2733 -170
1367 2734
2734 -2051
1367 2735
2735 -656
1368 2736
2736 -2053
1368 2737
2737 -2052
1369 2738
2738 -2055
1369 2739
2739 -2054
1370 2740
2740 -2057
1370 2741
2741 -2056
1371 2742
2742 -2059
1371 2743
2743 -2058
1372 2744
2744 -1500
1372 2745
2745 -1501
1373 2746
2746 -652
1373 2747
2747 -653
1374 2748
2748 -1504
1374 2749
2749 -651
1375 2750
2750 -2157
1375 2751
2751 -2150
1376 2752
2752 -1601
1376 2753
2753 -1600
1377 2754
2754 -1975
1377 2755
2755 -1365
1378 2756
2756 -1602
1378 2757
2757 -1973
1379 2758
2758 -1604
1379 2759
2759 -1971
1380 2760
2760 -1970
1380 2761
2761 -1968
1381 2762
2762 -1969
1381 2763
2763 -1618
1382 2764
2764 -1619
1382 2765
2765 -1964
1383 2766
2766 -1617
1383 2767
2767 -1966
1384 2768
2768 -2152
1384 2769
2769 -1612
1385 2770
2770 -1961
1385 2771
2771 -1962
1386 2772
2772 -1963
1386 2773
2773 -1114
1387 2774
2774 -2153
1387 2775
2775 -1768
1388 2776
2776 -1769
1388 2777
2777 -1762
1389 2778
2778 -1763
1389 2779
2779 -1760
1390 2780
2780 -1761
1390 2781
2781 -1766
1391 2782
2782 -1767
1391 2783
2783 -1764
1392 2784
2784 -1765
1392 2785
2785 -1142
1393 2786
2786 -1143
1393 2787
2787 -1140
1394 2788
2788 -1141
1394 2789
2789 -1146
1395 2790
2790 -1147
1395 2791
2791 -1144
1396 2792
2792 -1145
1396 2793
2793 -1148
1397 2794
2794 -1149
1397 2795
2795 -1546
1398 2796
2796 -1547
1398 2797
2797 -1544
1399 2798
2798 -691
1399 2799
2799 -1542
1400 2800
2800 -1543
1400 2801
2801 -694
1401 2802
2802 -695
1401 2803
2803 -698
1402 2804
2804 -699
1402 2805
2805 -1548
1403 2806
2806 -1549
1403 2807
2807 -542
1404 2808
2808 -543
1404 2809
2809 -540
1405 2810
2810 -541
1405 2811
2811 -546
1406 2812
2812 -547
1406 2813
2813 -544
1407 2814
2814 -1781
1407 2815
2815 -548
1408 2816
2816 -549
1408 2817
2817 -1782
1409 2818
2818 -1783
1409 2819
2819 -766
1410 2820
2820 -1785
1410 2821
2821 -764
1411 2822
2822 -1627
1411 2823
2823 -2388
1412 2824
2824 -765
1412 2825
2825 -414
1413 2826
2826 -415
1413 2827
2827 -416
1414 2828
2828 -417
1414 2829
2829 -1388
1415 2830
2830 -1389
1415 2831
2831 -412
1416 2832
2832 -413
1416 2833
2833 -1384
1417 2834
2834 -1385
1417 2835
2835 -1386
1418 2836
2836 -1387
1418 2837
2837 -418
1419 2838
2838 -1381
1419 2839
2839 -1382
1420 2840
2840 -1383
1420 2841
2841 -1254
1421 2842
2842 -2438
1421 2843
2843 -368
1422 2844
2844 -369
1422 2845
2845 -366
1423 2846
2846 -367
1423 2847
2847 -364
1424 2848
2848 -365
1424 2849
2849 -362
1425 2850
2850 -363
1425 2851
2851 -360
1426 2852
2852 -361
1426 2853
2853 -380
1427 2854
2854 -381
1427 2855
2855 -382
1428 2856
2856 -383
1428 2857
2857 -384
1429 2858
2858 -385
1429 2859
2859 -386
1430 2860
2860 -387
1430 2861
2861 -388
1431 2862
2862 -389
1431 2863
2863 -2190
1432 2864
2864 -2191
1432 2865
2865 -258
1433 2866
2866 -259
1433 2867
2867 -2194
1434 2868
2868 -2195
1434 2869
2869 -2196
1435 2870
2870 -2197
1435 2871
2871 -2198
1436 2872
2872 -2199
1436 2873
2873 -250
1437 2874
2874 -251
1437 2875
2875 -256
1438 2876
2876 -257
1438 2877
2877 -254
1439 2878
2878 -255
1439 2879
2879 -2200
1440 2880
2880 -2201
1440 2881
2881 -2202
1441 2882
2882 -2203
1441 2883
2883 -2204
1442 2884
2884 -2205
1442 2885
2885 -2206
1443 2886
2886 -2207
1443 2887
2887 -2208
1444 2888
2888 -2209
1444 2889
2889 -2428
1445 2890
2890 -2429
1445 2891
2891 -2420
1446 2892
2892 -2421
1446 2893
2893 -2422
1447 2894
2894 -2423
1447 2895
2895 -2424
1448 2896
2896 -2425
1448 2897
2897 -2426
1449 2898
2898 -2427
1449 2899
2899 -1848
1450 2900
2900 -168
1450 2901
2901 -169
1451 2902
2902 -164
1451 2903
2903 -165
1452 2904
2904 -166
1452 2905
2905 -167
1453 2906
2906 -160
1453 2907
2907 -161
1454 2908
2908 -162
1454 2909
2909 -163
1455 2910
2910 -1842
1455 2911
2911 -908
1456 2912
2912 -1840
1456 2913
2913 -1090
1457 2914
2914 -679
1457 2915
2915 -1814
1458 2916
2916 -1815
1458 2917
2917 -1816
1459 2918
2918 -1817
1459 2919
2919 -1810
1460 2920
2920 -1811
1460 2921
2921 -1812
1461 2922
2922 -1813
1461 2923
2923 -1818
1462 2924
2924 -1819
1462 2925
2925 -670
1463 2926
2926 -671
1463 2927
2927 -1609
1464 2928
2928 -1608
1464 2929
2929 -1979
1465 2930
2930 -1978
1465 2931
2931 -1977
1466 2932
2932 -1976
1466 2933
2933 -1603
1467 2934
2934 -1974
1467 2935
2935 -1605
1468 2936
2936 -1972
1468 2937
2937 -1607
1469 2938
2938 -1606
1469 2939
2939 -809
1470 2940
2940 -808
1470 2941
2941 -803
1471 2942
2942 -802
1471 2943
2943 -801
1472 2944
2944 -800
1472 2945
2945 -807
1473 2946
2946 -806
1473 2947
2947 -805
1474 2948
2948 -804
1474 2949
2949 -1849
1475 2950
2950 -1259
1475 2951
2951 -1775
1476 2952
2952 -1774
1476 2953
2953 -1777
1477 2954
2954 -1776
1477 2955
2955 -1771
1478 2956
2956 -1770
1478 2957
2957 -1773
1479 2958
2958 -1772
1479 2959
2959 -1779
1480 2960
2960 -1778
1480 2961
2961 -1159
1481 2962
2962 -1158
1481 2963
2963 -1155
1482 2964
2964 -1154
1482 2965
2965 -1157
1483 2966
2966 -1156
1483 2967
2967 -1151
1484 2968
2968 -1150
1484 2969
2969 -1153
1485 2970
2970 -1152
1485 2971
2971 -59
1486 2972
2972 -58
1486 2973
2973 -1551
1487 2974
2974 -1550
1487 2975
2975 -1553
1488 2976
2976 -1552
1488 2977
2977 -1555
1489 2978
2978 -1554
1489 2979
2979 -1557
1490 2980
2980 -1556
1490 2981
2981 -1559
1491 2982
2982 -54
1491 2983
2983 -57
1492 2984
2984 -56
1492 2985
2985 -51
1493 2986
2986 -50
1493 2987
2987 -53
1494 2988
2988 -52
1494 2989
2989 -537
1495 2990
2990 -536
1495 2991
2991 -535
1496 2992
2992 -534
1496 2993
2993 -533
1497 2994
2994 -532
1497 2995
2995 -531
1498 2996
2996 -530
1498 2997
2997 -539
1499 2998
2998 -538
1499 2999
2999 -1558
1500 3000
3000 -429
1500 3001
3001 -428
1501 3002
3002 -1399
1501 3003
3003 -1398
1502 3004
3004 -1397
1502 3005
3005 -1396
1503 3006
3006 -1395
1503 3007
3007 -1394
1504 3008
3008 -425
1504 3009
3009 -1392
1505 3010
3010 -427
1505 3011
3011 -1390
1506 3012
3012 -853
1506 3013
3013 -1443
1507 3014
3014 -2183
1507 3015
3015 -2182
1508 3016
3016 -2181
1508 3017
3017 -2180
1509 3018
3018 -2187
1509 3019
3019 -2186
1510 3020
3020 -229
1510 3021
3021 -228
1511 3022
3022 -227
1511 3023
3023 -226
1512 3024
3024 -225
1512 3025
3025 -2188
1513 3026
3026 -223
1513 3027
3027 -222
1514 3028
3028 -221
1514 3029
3029 -220
1515 3030
3030 -2213
1515 3031
3031 -2212
1516 3032
3032 -2211
1516 3033
3033 -2210
1517 3034
3034 -2217
1517 3035
3035 -2216
1518 3036
3036 -2215
1518 3037
3037 -2214
1519 3038
3038 -2219
1519 3039
3039 -2218
1520 3040
3040 -763
1520 3041
3041 -151
1521 3042
3042 -150
1521 3043
3043 -153
1522 3044
3044 -152
1522 3045
3045 -155
1523 3046
3046 -154
1523 3047
3047 -157
1524 3048
3048 -156
1524 3049
3049 -159
1525 3050
3050 -158
1525 3051
3051 -2431
1526 3052
3052 -2430
1526 3053
3053 -2437
1527 3054
3054 -2436
1527 3055
3055 -2435
1528 3056
3056 -2434
1528 3057
3057 -976
1529 3058
3058 -1807
1529 3059
3059 -1806
1530 3060
3060 -1805
1530 3061
3061 -1804
1531 3062
3062 -1803
1531 3063
3063 -1802
1532 3064
3064 -1801
1532 3065
3065 -1800
1533 3066
3066 -1809
1533 3067
3067 -1808
1534 3068
3068 -1524
1534 3069
3069 -1948
1535 3070
3070 -1949
1535 3071
3071 -1257
1536 3072
3072 -1942
1536 3073
3073 -1943
1537 3074
3074 -1940
1537 3075
3075 -1941
1538 3076
3076 -1946
1538 3077
3077 -1947
1539 3078
3078 -1944
1539 3079
3079 -1945
1540 3080
3080 -818
1540 3081
3081 -0
1541 3082
3082 -1255
1541 3083
3083 -810
1542 3084
3084 -811
1542 3085
3085 -812
1543 3086
3086 -813
1543 3087
3087 -814
1544 3088
3088 -815
1544 3089
3089 -816
1545 3090
3090 -817
1545 3091
3091 -1623
1546 3092
3092 -1522
1546 3093
3093 -1622
1547 3094
3094 -1523
1547 3095
3095 -1993
1548 3096
3096 -1490
1548 3097
3097 -421
1549 3098
3098 -1492
1549 3099
3099 -1992
1550 3100
3100 -1267
1550 3101
3101 -1495
1551 3102
3102 -1496
1551 3103
3103 -1497
1552 3104
3104 -1498
1552 3105
3105 -1499
1553 3106
3106 -423
1553 3107
3107 -1626
1554 3108
3108 -1700
1554 3109
3109 -1701
1555 3110
3110 -1702
1555 3111
3111 -1703
1556 3112
3112 -1704
1556 3113
3113 -1705
1557 3114
3114 -1706
1557 3115
3115 -1707
1558 3116
3116 -1708
1558 3117
3117 -1709
1559 3118
3118 -1624
1559 3119
3119 -424
1560 3120
3120 -1391
1560 3121
3121 -426
1561 3122
3122 -1128
1561 3123
3123 -1129
1562 3124
3124 -1120
1562 3125
3125 -1121
1563 3126
3126 -1122
1563 3127
3127 -1123
1564 3128
3128 -1124
1564 3129
3129 -1125
1565 3130
3130 -1126
1565 3131
3131 -1127
1566 3132
3132 -524
1566 3133
3133 -525
1567 3134
3134 -526
1567 3135
3135 -527
1568 3136
3136 -520
1568 3137
3137 -521
1569 3138
3138 -522
1569 3139
3139 -523
1570 3140
3140 -1014
1570 3141
3141 -1541
1571 3142
3142 -1016
1571 3143
3143 -1017
1572 3144
3144 -1010
1572 3145
3145 -1011
1573 3146
3146 -1012
1573 3147
3147 -1013
1574 3148
3148 -1234
1574 3149
3149 -1235
1575 3150
3150 -1236
1575 3151
3151 -1237
1576 3152
3152 -1230
1576 3153
3153 -1231
1577 3154
3154 -1232
1577 3155
3155 -1233
1578 3156
3156 -1238
1578 3157
3157 -1239
1579 3158
3158 -438
1579 3159
3159 -439
1580 3160
3160 -436
1580 3161
3161 -437
1581 3162
3162 -434
1581 3163
3163 -435
1582 3164
3164 -432
1582 3165
3165 -433
1583 3166
3166 -430
1583 3167
3167 -431
1584 3168
3168 -1967
1584 3169
3169 -238
1585 3170
3170 -239
1585 3171
3171 -234
1586 3172
3172 -235
1586 3173
3173 -236
1587 3174
3174 -237
1587 3175
3175 -230
1588 3176
3176 -231
1588 3177
3177 -232
1589 3178
3178 -233
1589 3179
3179 -2228
1590 3180
3180 -2229
1590 3181
3181 -2226
1591 3182
3182 -2227
1591 3183
3183 -2224
1592 3184
3184 -2225
1592 3185
3185 -2222
1593 3186
3186 -2223
1593 3187
3187 -2220
1594 3188
3188 -2221
1594 3189
3189 -1
1595 3190
3190 -146
1595 3191
3191 -147
1596 3192
3192 -144
1596 3193
3193 -145
1597 3194
3194 -142
1597 3195
3195 -143
1598 3196
3196 -140
1598 3197
3197 -141
1599 3198
3198 -148
1599 3199
3199 -149
1600 3200
3200 -2088
1600 3201
3201 -2089
1601 3202
3202 -2082
1601 3203
3203 -2083
1602 3204
3204 -2080
1602 3205
3205 -2081
1603 3206
3206 -2086
1603 3207
3207 -2087
1604 3208
3208 -2084
1604 3209
3209 -2085
1605 3210
3210 -123
1605 3211
3211 -1832
1606 3212
3212 -1833
1606 3213
3213 -1830
1607 3214
3214 -1831
1607 3215
3215 -1836
1608 3216
3216 -1837
1608 3217
3217 -1834
1609 3218
3218 -1835
1609 3219
3219 -1838
1610 3220
3220 -1839
1610 3221
3221 -2406
1611 3222
3222 -2155
1611 3223
3223 -2404
1612 3224
3224 -2405
1612 3225
3225 -2402
1613 3226
3226 -2403
1613 3227
3227 -2400
1614 3228
3228 -2401
1614 3229
3229 -933
1615 3230
3230 -932
1615 3231
3231 -931
1616 3232
3232 -930
1616 3233
3233 -2158
1617 3234
3234 -2159
1617 3235
3235 -2408
1618 3236
3236 -2409
1618 3237
3237 -1955
1619 3238
3238 -1954
1619 3239
3239 -1957
1620 3240
3240 -1956
1620 3241
3241 -1951
1621 3242
3242 -1950
1621 3243
3243 -1953
1622 3244
3244 -1952
1622 3245
3245 -1959
1623 3246
3246 -1958
1623 3247
3247 -829
1624 3248
3248 -828
1624 3249
3249 -825
1625 3250
3250 -824
1625 3251
3251 -827
1626 3252
3252 -826
1626 3253
3253 -821
1627 3254
3254 -820
1627 3255
3255 -823
1628 3256
3256 -822
1628 3257
3257 -1536
1629 3258
3258 -1483
1629 3259
3259 -1482
1630 3260
3260 -1481
1630 3261
3261 -1480
1631 3262
3262 -1487
1631 3263
3263 -1486
1632 3264
3264 -1485
1632 3265
3265 -1484
1633 3266
3266 -1489
1633 3267
3267 -1488
1634 3268
3268 -797
1634 3269
3269 -2411
1635 3270
3270 -795
1635 3271
3271 -1710
1636 3272
3272 -1717
1636 3273
3273 -792
1637 3274
3274 -791
1637 3275
3275 -929
1638 3276
3276 -1719
1638 3277
3277 -1718
1639 3278
3278 -2413
1639 3279
3279 -799
1640 3280
3280 -798
1640 3281
3281 -1270
1641 3282
3282 -2144
1641 3283
3283 -613
1642 3284
3284 -2143
1642 3285
3285 -1272
1643 3286
3286 -2414
1643 3287
3287 -1139
1644 3288
3288 -611
1644 3289
3289 -2417
1645 3290
3290 -1133
1645 3291
3291 -1132
1646 3292
3292 -1131
1646 3293
3293 -1130
1647 3294
3294 -1137
1647 3295
3295 -1136
1648 3296
3296 -1135
1648 3297
3297 -1134
1649 3298
3298 -920
1649 3299
3299 -614
1650 3300
3300 -921
1650 3301
3301 -615
1651 3302
3302 -519
1651 3303
3303 -518
1652 3304
3304 -2149
1652 3305
3305 -1009
1653 3306
3306 -1008
1653 3307
3307 -1007
1654 3308
3308 -1006
1654 3309
3309 -1005
1655 3310
3310 -1004
1655 3311
3311 -1003
1656 3312
3312 -1002
1656 3313
3313 -1001
1657 3314
3314 -516
1657 3315
3315 -1227
1658 3316
3316 -1226
1658 3317
3317 -621
1659 3318
3318 -620
1659 3319
3319 -627
1660 3320
3320 -1222
1660 3321
3321 -1221
1661 3322
3322 -1220
1661 3323
3323 -629
1662 3324
3324 -628
1662 3325
3325 -1229
1663 3326
3326 -1228
1663 3327
3327 -2
1664 3328
3328 -1286
1664 3329
3329 -11
1665 3330
3330 -10
1665 3331
3331 -13
1666 3332
3332 -12
1666 3333
3333 -15
1667 3334
3334 -14
1667 3335
3335 -17
1668 3336
3336 -16
1668 3337
3337 -19
1669 3338
3338 -18
1669 3339
3339 -928
1670 3340
3340 -1471
1670 3341
3341 -201
1671 3342
3342 -200
1671 3343
3343 -203
1672 3344
3344 -202
1672 3345
3345 -205
1673 3346
3346 -204
1673 3347
3347 -207
1674 3348
3348 -206
1674 3349
3349 -209
1675 3350
3350 -208
1675 3351
3351 -685
1676 3352
3352 -684
1676 3353
3353 -1571
1677 3354
3354 -2239
1677 3355
3355 -2238
1678 3356
3356 -686
1678 3357
3357 -2231
1679 3358
3358 -2230
1679 3359
3359 -2233
1680 3360
3360 -2232
1680 3361
3361 -2235
1681 3362
3362 -2234
1681 3363
3363 -2237
1682 3364
3364 -2236
1682 3365
3365 -1575
1683 3366
3366 -682
1683 3367
3367 -2185
1684 3368
3368 -2184
1684 3369
3369 -2095
1685 3370
3370 -2094
1685 3371
3371 -2097
1686 3372
3372 -2096
1686 3373
3373 -2091
1687 3374
3374 -2090
1687 3375
3375 -2093
1688 3376
3376 -2092
1688 3377
3377 -2099
1689 3378
3378 -2098
1689 3379
3379 -224
1690 3380
3380 -1293
1690 3381
3381 -1829
1691 3382
3382 -1828
1691 3383
3383 -1825
1692 3384
3384 -1824
1692 3385
3385 -1827
1693 3386
3386 -1826
1693 3387
3387 -1821
1694 3388
3388 -1820
1694 3389
3389 -1823
1695 3390
3390 -1822
1695 3391
3391 -2147
1696 3392
3392 -2146
1696 3393
3393 -2145
1697 3394
3394 -2412
1697 3395
3395 -2415
1698 3396
3396 -2142
1698 3397
3397 -2141
1699 3398
3398 -2140
1699 3399
3399 -2419
1700 3400
3400 -2418
1700 3401
3401 -922
1701 3402
3402 -923
1701 3403
3403 -924
1702 3404
3404 -925
1702 3405
3405 -926
1703 3406
3406 -927
1703 3407
3407 -1920
1704 3408
3408 -1921
1704 3409
3409 -1922
1705 3410
3410 -1923
1705 3411
3411 -1924
1706 3412
3412 -1925
1706 3413
3413 -1926
1707 3414
3414 -1927
1707 3415
3415 -1928
1708 3416
3416 -1929
1708 3417
3417 -832
1709 3418
3418 -833
1709 3419
3419 -830
1710 3420
3420 -831
1710 3421
3421 -836
1711 3422
3422 -837
1711 3423
3423 -834
1712 3424
3424 -835
1712 3425
3425 -838
1713 3426
3426 -839
1713 3427
3427 -3
1714 3428
3428 -1532
1714 3429
3429 -784
1715 3430
3430 -785
1715 3431
3431 -786
1716 3432
3432 -787
1716 3433
3433 -780
1717 3434
3434 -781
1717 3435
3435 -1728
1718 3436
3436 -1729
1718 3437
3437 -1726
1719 3438
3438 -1727
1719 3439
3439 -1724
1720 3440
3440 -1725
1720 3441
3441 -788
1721 3442
3442 -1723
1721 3443
3443 -1720
1722 3444
3444 -1721
1722 3445
3445 -252
1723 3446
3446 -2439
1723 3447
3447 -60
1724 3448
3448 -61
1724 3449
3449 -62
1725 3450
3450 -63
1725 3451
3451 -64
1726 3452
3452 -65
1726 3453
3453 -66
1727 3454
3454 -67
1727 3455
3455 -68
1728 3456
3456 -69
1728 3457
3457 -1371
1729 3458
3458 -1588
1729 3459
3459 -1589
1730 3460
3460 -406
1730 3461
3461 -1582
1731 3462
3462 -1583
1731 3463
3463 -1580
1732 3464
3464 -1581
1732 3465
3465 -1586
1733 3466
3466 -1587
1733 3467
3467 -1584
1734 3468
3468 -1585
1734 3469
3469 -2433
1735 3470
3470 -1038
1735 3471
3471 -1039
1736 3472
3472 -508
1736 3473
3473 -2432
1737 3474
3474 -1032
1737 3475
3475 -1033
1738 3476
3476 -1030
1738 3477
3477 -505
1739 3478
3478 -502
1739 3479
3479 -503
1740 3480
3480 -1034
1740 3481
3481 -501
1741 3482
3482 -1212
1741 3483
3483 -1213
1742 3484
3484 -632
1742 3485
3485 -1211
1743 3486
3486 -634
1743 3487
3487 -635
1744 3488
3488 -1214
1744 3489
3489 -1215
1745 3490
3490 -638
1745 3491
3491 -639
1746 3492
3492 -1218
1746 3493
3493 -1219
1747 3494
3494 -2416
1747 3495
3495 -465
1748 3496
3496 -782
1748 3497
3497 -712
1749 3498
3498 -783
1749 3499
3499 -1454
1750 3500
3500 -1455
1750 3501
3501 -1456
1751 3502
3502 -1457
1751 3503
3503 -1450
1752 3504
3504 -1451
1752 3505
3505 -1452
1753 3506
3506 -1453
1753 3507
3507 -1458
1754 3508
3508 -1459
1754 3509
3509 -1108
1755 3510
3510 -1109
1755 3511
3511 -1722
1756 3512
3512 -789
1756 3513
3513 -1577
1757 3514
3514 -1891
1757 3515
3515 -1576
1758 3516
3516 -959
1758 3517
3517 -2137
1759 3518
3518 -1393
1759 3519
3519 -216
1760 3520
3520 -217
1760 3521
3521 -214
1761 3522
3522 -215
1761 3523
3523 -212
1762 3524
3524 -213
1762 3525
3525 -210
1763 3526
3526 -211
1763 3527
3527 -218
1764 3528
3528 -219
1764 3529
3529 -2138
1765 3530
3530 -956
1765 3531
3531 -462
1766 3532
3532 -939
1766 3533
3533 -4
1767 3534
3534 -2396
1767 3535
3535 -2397
1768 3536
3536 -2394
1768 3537
3537 -2395
1769 3538
3538 -2392
1769 3539
3539 -2393
1770 3540
3540 -2390
1770 3541
3541 -2391
1771 3542
3542 -2398
1771 3543
3543 -2399
1772 3544
3544 -1858
1772 3545
3545 -1859
1773 3546
3546 -1850
1773 3547
3547 -1851
1774 3548
3548 -1852
1774 3549
3549 -1853
1775 3550
3550 -1854
1775 3551
3551 -1855
1776 3552
3552 -1856
1776 3553
3553 -1857
1777 3554
3554 -2172
1777 3555
3555 -2173
1778 3556
3556 -2170
1778 3557
3557 -2171
1779 3558
3558 -2176
1779 3559
3559 -2177
1780 3560
3560 -2174
1780 3561
3561 -2175
1781 3562
3562 -915
1781 3563
3563 -914
1782 3564
3564 -917
1782 3565
3565 -916
1783 3566
3566 -911
1783 3567
3567 -910
1784 3568
3568 -913
1784 3569
3569 -912
1785 3570
3570 -1933
1785 3571
3571 -1932
1786 3572
3572 -1931
1786 3573
3573 -1930
1787 3574
3574 -1937
1787 3575
3575 -1936
1788 3576
3576 -1935
1788 3577
3577 -1934
1789 3578
3578 -1939
1789 3579
3579 -1938
1790 3580
3580 -847
1790 3581
3581 -846
1791 3582
3582 -845
1791 3583
3583 -844
1792 3584
3584 -843
1792 3585
3585 -842
1793 3586
3586 -841
1793 3587
3587 -840
1794 3588
3588 -1426
1794 3589
3589 -849
1795 3590
3590 -848
1795 3591
3591 -664
1796 3592
3592 -1739
1796 3593
3593 -1738
1797 3594
3594 -1731
1797 3595
3595 -1730
1798 3596
3596 -1733
1798 3597
3597 -1732
1799 3598
3598 -1735
1799 3599
3599 -1734
1800 3600
3600 -1737
1800 3601
3601 -1736
1801 3602
3602 -732
1801 3603
3603 -796
1802 3604
3604 -753
1802 3605
3605 -752
1803 3606
3606 -751
1803 3607
3607 -750
1804 3608
3608 -757
1804 3609
3609 -756
1805 3610
3610 -755
1805 3611
3611 -754
1806 3612
3612 -759
1806 3613
3613 -509
1807 3614
3614 -1595
1807 3615
3615 -1594
1808 3616
3616 -1597
1808 3617
3617 -1596
1809 3618
3618 -1591
1809 3619
3619 -1590
1810 3620
3620 -1593
1810 3621
3621 -1592
1811 3622
3622 -1599
1811 3623
3623 -504
1812 3624
3624 -1025
1812 3625
3625 -1024
1813 3626
3626 -1027
1813 3627
3627 -1031
1814 3628
3628 -1021
1814 3629
3629 -1020
1815 3630
3630 -1023
1815 3631
3631 -1022
1816 3632
3632 -1036
1816 3633
3633 -1115
1817 3634
3634 -1029
1817 3635
3635 -1028
1818 3636
3636 -1037
1818 3637
3637 -500
1819 3638
3638 -1035
1819 3639
3639 -605
1820 3640
3640 -630
1820 3641
3641 -607
1821 3642
3642 -606
1821 3643
3643 -601
1822 3644
3644 -600
1822 3645
3645 -603
1823 3646
3646 -602
1823 3647
3647 -1205
1824 3648
3648 -1204
1824 3649
3649 -1207
1825 3650
3650 -1206
1825 3651
3651 -609
1826 3652
3652 -608
1826 3653
3653 -1203
1827 3654
3654 -1202
1827 3655
3655 -633
1828 3656
3656 -1216
1828 3657
3657 -935
1829 3658
3658 -1217
1829 3659
3659 -636
1830 3660
3660 -637
1830 3661
3661 -1111
1831 3662
3662 -1110
1831 3663
3663 -1445
1832 3664
3664 -1112
1832 3665
3665 -5
1833 3666
3666 -1442
1833 3667
3667 -1441
1834 3668
3668 -1116
1834 3669
3669 -1119
1835 3670
3670 -1118
1835 3671
3671 -467
1836 3672
3672 -1449
1836 3673
3673 -1448
1837 3674
3674 -466
1837 3675
3675 -461
1838 3676
3676 -460
1838 3677
3677 -463
1839 3678
3678 -489
1839 3679
3679 -488
1840 3680
3680 -487
1840 3681
3681 -486
1841 3682
3682 -485
1841 3683
3683 -484
1842 3684
3684 -483
1842 3685
3685 -482
1843 3686
3686 -481
1843 3687
3687 -480
1844 3688
3688 -451
1844 3689
3689 -619
1845 3690
3690 -199
1845 3691
3691 -198
1846 3692
3692 -195
1846 3693
3693 -194
1847 3694
3694 -197
1847 3695
3695 -196
1848 3696
3696 -191
1848 3697
3697 -190
1849 3698
3698 -193
1849 3699
3699 -192
1850 3700
3700 -1106
1850 3701
3701 -1107
1851 3702
3702 -1104
1851 3703
3703 -2381
1852 3704
3704 -2380
1852 3705
3705 -2383
1853 3706
3706 -2382
1853 3707
3707 -2385
1854 3708
3708 -2384
1854 3709
3709 -2387
1855 3710
3710 -2386
1855 3711
3711 -2389
1856 3712
3712 -1102
1856 3713
3713 -1103
1857 3714
3714 -1100
1857 3715
3715 -1101
1858 3716
3716 -902
1858 3717
3717 -903
1859 3718
3718 -900
1859 3719
3719 -901
1860 3720
3720 -906
1860 3721
3721 -907
1861 3722
3722 -904
1861 3723
3723 -905
1862 3724
3724 -1843
1862 3725
3725 -420
1863 3726
3726 -1841
1863 3727
3727 -909
1864 3728
3728 -1847
1864 3729
3729 -1846
1865 3730
3730 -1845
1865 3731
3731 -1844
1866 3732
3732 -2169
1866 3733
3733 -2168
1867 3734
3734 -2165
1867 3735
3735 -2164
1868 3736
3736 -2167
1868 3737
3737 -2166
1869 3738
3738 -2161
1869 3739
3739 -2160
1870 3740
3740 -2163
1870 3741
3741 -2162
1871 3742
3742 -1908
1871 3743
3743 -1909
1872 3744
3744 -1906
1872 3745
3745 -1907
1873 3746
3746 -1904
1873 3747
3747 -1905
1874 3748
3748 -1902
1874 3749
3749 -1903
1875 3750
3750 -1900
1875 3751
3751 -1901
1876 3752
3752 -854
1876 3753
3753 -855
1877 3754
3754 -856
1877 3755
3755 -857
1878 3756
3756 -850
1878 3757
3757 -851
1879 3758
3758 -852
1879 3759
3759 -819
1880 3760
3760 -858
1880 3761
3761 -859
1881 3762
3762 -6
1881 3763
3763 -616
1882 3764
3764 -740
1882 3765
3765 -741
1883 3766
3766 -742
1883 3767
3767 -743
1884 3768
3768 -744
1884 3769
3769 -745
1885 3770
3770 -746
1885 3771
3771 -747
1886 3772
3772 -748
1886 3773
3773 -749
1887 3774
3774 -1050
1887 3775
3775 -1051
1888 3776
3776 -1052
1888 3777
3777 -1053
1889 3778
3778 -1054
1889 3779
3779 -1055
1890 3780
3780 -1056
1890 3781
3781 -1057
1891 3782
3782 -1058
1891 3783
3783 -1059
1892 3784
3784 -1696
1892 3785
3785 -1697
1893 3786
3786 -1694
1893 3787
3787 -1695
1894 3788
3788 -1692
1894 3789
3789 -1693
1895 3790
3790 -1690
1895 3791
3791 -1691
1896 3792
3792 -715
1896 3793
3793 -1698
1897 3794
3794 -1699
1897 3795
3795 -1278
1898 3796
3796 -1279
1898 3797
3797 -618
1899 3798
3798 -714
1899 3799
3799 -612
1900 3800
3800 -1271
1900 3801
3801 -610
1901 3802
3802 -1273
1901 3803
3803 -1274
1902 3804
3804 -617
1902 3805
3805 -1276
1903 3806
3806 -1277
1903 3807
3807 -711
1904 3808
3808 -1794
1904 3809
3809 -1491
1905 3810
3810 -1472
1905 3811
3811 -1473
1906 3812
3812 -1470
1906 3813
3813 -1493
1907 3814
3814 -1476
1907 3815
3815 -1477
1908 3816
3816 -1474
1908 3817
3817 -1475
1909 3818
3818 -1494
1909 3819
3819 -1478
1910 3820
3820 -1479
1910 3821
3821 -1304
1911 3822
3822 -1305
1911 3823
3823 -1306
1912 3824
3824 -1307
1912 3825
3825 -1300
1913 3826
3826 -1301
1913 3827
3827 -1302
1914 3828
3828 -1303
1914 3829
3829 -1308
1915 3830
3830 -1309
1915 3831
3831 -498
1916 3832
3832 -499
1916 3833
3833 -494
1917 3834
3834 -495
1917 3835
3835 -496
1918 3836
3836 -497
1918 3837
3837 -490
1919 3838
3838 -491
1919 3839
3839 -492
1920 3840
3840 -493
1920 3841
3841 -24
1921 3842
3842 -25
1921 3843
3843 -26
1922 3844
3844 -27
1922 3845
3845 -20
1923 3846
3846 -21
1923 3847
3847 -22
1924 3848
3848 -23
1924 3849
3849 -28
1925 3850
3850 -29
1925 3851
3851 -1241
1926 3852
3852 -1516
1926 3853
3853 -1875
1927 3854
3854 -597
1927 3855
3855 -7
1928 3856
3856 -1879
1928 3857
3857 -2288
1929 3858
3858 -2289
1929 3859
3859 -2050
1930 3860
3860 -2280
1930 3861
3861 -2281
1931 3862
3862 -2282
1931 3863
3863 -2283
1932 3864
3864 -2284
1932 3865
3865 -2285
1933 3866
3866 -2286
1933 3867
3867 -2287
1934 3868
3868 -411
1934 3869
3869 -2378
1935 3870
3870 -2379
1935 3871
3871 -2374
1936 3872
3872 -2375
1936 3873
3873 -2376
1937 3874
3874 -2377
1937 3875
3875 -2370
1938 3876
3876 -2371
1938 3877
3877 -2372
1939 3878
3878 -2373
1939 3879
3879 -1087
1940 3880
3880 -1086
1940 3881
3881 -1085
1941 3882
3882 -1876
1941 3883
3883 -1877
1942 3884
3884 -1874
1942 3885
3885 -592
1943 3886
3886 -1872
1943 3887
3887 -1873
1944 3888
3888 -1870
1944 3889
3889 -1871
1945 3890
3890 -595
1945 3891
3891 -1878
1946 3892
3892 -1082
1946 3893
3893 -977
1947 3894
3894 -2118
1947 3895
3895 -975
1948 3896
3896 -974
1948 3897
3897 -973
1949 3898
3898 -972
1949 3899
3899 -971
1950 3900
3900 -970
1950 3901
3901 -596
1951 3902
3902 -979
1951 3903
3903 -978
1952 3904
3904 -182
1952 3905
3905 -183
1953 3906
3906 -180
1953 3907
3907 -181
1954 3908
3908 -186
1954 3909
3909 -187
1955 3910
3910 -184
1955 3911
3911 -185
1956 3912
3912 -2110
1956 3913
3913 -2111
1957 3914
3914 -188
1957 3915
3915 -2113
1958 3916
3916 -2114
1958 3917
3917 -2115
1959 3918
3918 -2116
1959 3919
3919 -2117
1960 3920
3920 -1919
1960 3921
3921 -1918
1961 3922
3922 -1911
1961 3923
3923 -1910
1962 3924
3924 -1913
1962 3925
3925 -1912
1963 3926
3926 -1915
1963 3927
3927 -1914
1964 3928
3928 -1917
1964 3929
3929 -1916
1965 3930
3930 -869
1965 3931
3931 -868
1966 3932
3932 -189
1966 3933
3933 -861
1967 3934
3934 -860
1967 3935
3935 -863
1968 3936
3936 -862
1968 3937
3937 -865
1969 3938
3938 -864
1969 3939
3939 -867
1970 3940
3940 -866
1970 3941
3941 -2024
1971 3942
3942 -2025
1971 3943
3943 -2026
1972 3944
3944 -2027
1972 3945
3945 -2020
1973 3946
3946 -2021
1973 3947
3947 -2022
1974 3948
3948 -2023
1974 3949
3949 -2028
1975 3950
3950 -2029
1975 3951
3951 -883
1976 3952
3952 -882
1976 3953
3953 -881
1977 3954
3954 -880
1977 3955
3955 -887
1978 3956
3956 -886
1978 3957
3957 -885
1979 3958
3958 -884
1979 3959
3959 -889
1980 3960
3960 -888
1980 3961
3961 -1503
1981 3962
3962 -775
1981 3963
3963 -774
1982 3964
3964 -777
1982 3965
3965 -776
1983 3966
3966 -771
1983 3967
3967 -770
1984 3968
3968 -773
1984 3969
3969 -772
1985 3970
3970 -779
1985 3971
3971 -778
1986 3972
3972 -77
1986 3973
3973 -76
1987 3974
3974 -75
1987 3975
3975 -74
1988 3976
3976 -73
1988 3977
3977 -72
1989 3978
3978 -71
1989 3979
3979 -70
1990 3980
3980 -79
1990 3981
3981 -78
1991 3982
3982 -1043
1991 3983
3983 -1042
1992 3984
3984 -1041
1992 3985
3985 -1040
1993 3986
3986 -1047
1993 3987
3987 -1046
1994 3988
3988 -1045
1994 3989
3989 -1044
1995 3990
3990 -1049
1995 3991
3991 -1048
1996 3992
3992 -1681
1996 3993
3993 -1680
1997 3994
3994 -1683
1997 3995
3995 -1682
1998 3996
3996 -1685
1998 3997
3997 -1684
1999 3998
3998 -1687
1999 3999
3999 -1686
2000 4000
4000 -1689
2000 4001
4001 -1688
2001 4002
4002 -1269
2001 4003
4003 -1268
2002 4004
4004 -669
2002 4005
4005 -668
2003 4006
4006 -667
2003 4007
4007 -1262
2004 4008
4008 -665
2004 4009
4009 -1260
2005 4010
4010 -663
2005 4011
4011 -662
2006 4012
4012 -661
2006 4013
4013 -1264
2007 4014
4014 -690
2007 4015
4015 -1469
2008 4016
4016 -1468
2008 4017
4017 -1465
2009 4018
4018 -1018
2009 4019
4019 -1467
2010 4020
4020 -1466
2010 4021
4021 -1461
2011 4022
4022 -1460
2011 4023
4023 -1463
2012 4024
4024 -1462
2012 4025
4025 -1317
2013 4026
4026 -1316
2013 4027
4027 -1315
2014 4028
4028 -1314
2014 4029
4029 -1313
2015 4030
4030 -1312
2015 4031
4031 -1311
2016 4032
4032 -1310
2016 4033
4033 -1319
2017 4034
4034 -1318
2017 4035
4035 -1015
2018 4036
4036 -528
2018 4037
4037 -464
2019 4038
4038 -529
2019 4039
4039 -319
2020 4040
4040 -318
2020 4041
4041 -313
2021 4042
4042 -312
2021 4043
4043 -311
2022 4044
4044 -310
2022 4045
4045 -317
2023 4046
4046 -316
2023 4047
4047 -315
2024 4048
4048 -314
2024 4049
4049 -443
2025 4050
4050 -442
2025 4051
4051 -1337
2026 4052
4052 -440
2026 4053
4053 -447
2027 4054
4054 -446
2027 4055
4055 -1333
2028 4056
4056 -444
2028 4057
4057 -405
2029 4058
4058 -2299
2029 4059
4059 -2298
2030 4060
4060 -2293
2030 4061
4061 -2292
2031 4062
4062 -2291
2031 4063
4063 -2290
2032 4064
4064 -2297
2032 4065
4065 -2296
2033 4066
4066 -2295
2033 4067
4067 -2294
2034 4068
4068 -404
2034 4069
4069 -1615
2035 4070
4070 -403
2035 4071
4071 -1521
2036 4072
4072 -2369
2036 4073
4073 -2368
2037 4074
4074 -2367
2037 4075
4075 -2366
2038 4076
4076 -2365
2038 4077
4077 -2364
2039 4078
4078 -2363
2039 4079
4079 -2362
2040 4080
4080 -2361
2040 4081
4081 -2360
2041 4082
4082 -402
2041 4083
4083 -1861
2042 4084
4084 -1860
2042 4085
4085 -1863
2043 4086
4086 -1862
2043 4087
4087 -1865
2044 4088
4088 -1864
2044 4089
4089 -1867
2045 4090
4090 -1866
2045 4091
4091 -1869
2046 4092
4092 -1868
2046 4093
4093 -964
2047 4094
4094 -965
2047 4095
4095 -966
2048 4096
4096 -967
2048 4097
4097 -960
2049 4098
4098 -961
2049 4099
4099 -962
2050 4100
4100 -963
2050 4101
4101 -1613
2051 4102
4102 -401
2051 4103
4103 -968
2052 4104
4104 -969
2052 4105
4105 -2109
2053 4106
4106 -2108
2053 4107
4107 -2103
2054 4108
4108 -2102
2054 4109
4109 -2101
2055 4110
4110 -2100
2055 4111
4111 -2107
2056 4112
4112 -2106
2056 4113
4113 -2105
2057 4114
4114 -2104
2057 4115
4115 -400
2058 4116
4116 -1537
2058 4117
4117 -878
2059 4118
4118 -879
2059 4119
4119 -876
2060 4120
4120 -877
2060 4121
4121 -874
2061 4122
4122 -875
2061 4123
4123 -872
2062 4124
4124 -1535
2062 4125
4125 -870
2063 4126
4126 -871
2063 4127
4127 -2037
2064 4128
4128 -2036
2064 4129
4129 -2035
2065 4130
4130 -2034
2065 4131
4131 -2033
2066 4132
4132 -2032
2066 4133
4133 -2031
2067 4134
4134 -2030
2067 4135
4135 -9
2068 4136
4136 -1533
2068 4137
4137 -2039
2069 4138
4138 -2038
2069 4139
4139 -890
2070 4140
4140 -891
2070 4141
4141 -892
2071 4142
4142 -893
2071 4143
4143 -894
2072 4144
4144 -895
2072 4145
4145 -896
2073 4146
4146 -897
2073 4147
4147 -898
2074 4148
4148 -899
2074 4149
4149 -1530
2075 4150
4150 -649
2075 4151
4151 -648
2076 4152
4152 -1714
2076 4153
4153 -1616
2077 4154
4154 -422
2077 4155
4155 -1965
2078 4156
4156 -1614
2078 4157
4157 -1788
2079 4158
4158 -1789
2079 4159
4159 -768
2080 4160
4160 -769
2080 4161
4161 -762
2081 4162
4162 -1960
2081 4163
4163 -760
2082 4164
4164 -761
2082 4165
4165 -1784
2083 4166
4166 -767
2083 4167
4167 -1786
2084 4168
4168 -1787
2084 4169
4169 -1610
2085 4170
4170 -1611
2085 4171
4171 -1078
2086 4172
4172 -1079
2086 4173
4173 -1076
2087 4174
4174 -1077
2087 4175
4175 -1074
2088 4176
4176 -1075
2088 4177
4177 -1072
2089 4178
4178 -1073
2089 4179
4179 -1070
2090 4180
4180 -1071
2090 4181
4181 -1678
2091 4182
4182 -1679
2091 4183
4183 -1674
2092 4184
4184 -1675
2092 4185
4185 -1676
2093 4186
4186 -1677
2093 4187
4187 -1670
2094 4188
4188 -1671
2094 4189
4189 -1672
2095 4190
4190 -1673
2095 4191
4191 -1094
2096 4192
4192 -1095
2096 4193
4193 -1096
2097 4194
4194 -1097
2097 4195
4195 -678
2098 4196
4196 -1091
2098 4197
4197 -1092
2099 4198
4198 -1093
2099 4199
4199 -674
2100 4200
4200 -675
2100 4201
4201 -676
2101 4202
4202 -677
2101 4203
4203 -1098
2102 4204
4204 -1099
2102 4205
4205 -672
2103 4206
4206 -673
2103 4207
4207 -1418
2104 4208
4208 -1419
2104 4209
4209 -1410
2105 4210
4210 -1411
2105 4211
4211 -1412
2106 4212
4212 -1413
2106 4213
4213 -1414
2107 4214
4214 -1415
2107 4215
4215 -1416
2108 4216
4216 -1417
2108 4217
4217 -1322
2109 4218
4218 -1323
2109 4219
4219 -1320
2110 4220
4220 -1321
2110 4221
4221 -1326
2111 4222
4222 -1327
2111 4223
4223 -1324
2112 4224
4224 -1325
2112 4225
4225 -1328
2113 4226
4226 -1329
2113 4227
4227 -1531
2114 4228
4228 -1256
2114 4229
4229 -1525
2115 4230
4230 -1526
2115 4231
4231 -1527
2116 4232
4232 -1520
2116 4233
4233 -1253
2117 4234
4234 -1250
2117 4235
4235 -1251
2118 4236
4236 -1528
2118 4237
4237 -1529
2119 4238
4238 -1258
2119 4239
4239 -646
2120 4240
4240 -308
2120 4241
4241 -309
2121 4242
4242 -300
2121 4243
4243 -301
2122 4244
4244 -302
2122 4245
4245 -303
2123 4246
4246 -304
2123 4247
4247 -305
2124 4248
4248 -306
2124 4249
4249 -307
2125 4250
4250 -1625
2125 4251
4251 -1447
2126 4252
4252 -1105
2126 4253
4253 -1446
2127 4254
4254 -473
2127 4255
4255 -623
2128 4256
4256 -470
2128 4257
4257 -2358
2129 4258
4258 -2359
2129 4259
4259 -2352
2130 4260
4260 -2353
2130 4261
4261 -2350
2131 4262
4262 -2351
2131 4263
4263 -2356
2132 4264
4264 -2357
2132 4265
4265 -2354
2133 4266
4266 -2355
2133 4267
4267 -112
2134 4268
4268 -1898
2134 4269
4269 -1899
2135 4270
4270 -1894
2135 4271
4271 -1895
2136 4272
4272 -1896
2136 4273
4273 -1897
2137 4274
4274 -1890
2137 4275
4275 -476
2138 4276
4276 -1892
2138 4277
4277 -1893
2139 4278
4278 -2136
2139 4279
4279 -958
2140 4280
4280 -2134
2140 4281
4281 -2135
2141 4282
4282 -2132
2141 4283
4283 -2133
2142 4284
4284 -2130
2142 4285
4285 -2131
2143 4286
4286 -951
2143 4287
4287 -950
2144 4288
4288 -953
2144 4289
4289 -952
2145 4290
4290 -955
2145 4291
4291 -954
2146 4292
4292 -957
2146 4293
4293 -2139
2147 4294
4294 -477
2147 4295
4295 -2002
2148 4296
4296 -2003
2148 4297
4297 -2000
2149 4298
4298 -2001
2149 4299
4299 -2006
2150 4300
4300 -2007
2150 4301
4301 -2004
2151 4302
4302 -2005
2151 4303
4303 -2008
2152 4304
4304 -2009
2152 4305
4305 -506
2153 4306
4306 -507
2153 4307
4307 -1263
2154 4308
4308 -666
2154 4309
4309 -919
2155 4310
4310 -1261
2155 4311
4311 -918
2156 4312
4312 -1799
2156 4313
4313 -1798
2157 4314
4314 -719
2157 4315
4315 -718
2158 4316
4316 -717
2158 4317
4317 -1792
2159 4318
4318 -1791
2159 4319
4319 -1790
2160 4320
4320 -713
2160 4321
4321 -1796
2161 4322
4322 -1795
2161 4323
4323 -710
2162 4324
4324 -1265
2162 4325
4325 -716
2163 4326
4326 -660
2163 4327
4327 -2178
2164 4328
4328 -1069
2164 4329
4329 -1068
2165 4330
4330 -2179
2165 4331
4331 -1061
2166 4332
4332 -1060
2166 4333
4333 -1063
2167 4334
4334 -1062
2167 4335
4335 -1065
2168 4336
4336 -1064
2168 4337
4337 -1067
2169 4338
4338 -1066
2169 4339
4339 -1669
2170 4340
4340 -1668
2170 4341
4341 -1667
2171 4342
4342 -1666
2171 4343
4343 -1665
2172 4344
4344 -1664
2172 4345
4345 -1663
2173 4346
4346 -1662
2173 4347
4347 -1661
2174 4348
4348 -1660
2174 4349
4349 -591
2175 4350
4350 -590
2175 4351
4351 -593
2176 4352
4352 -1084
2176 4353
4353 -1083
2177 4354
4354 -594
2177 4355
4355 -1081
2178 4356
4356 -1080
2178 4357
4357 -599
2179 4358
4358 -598
2179 4359
4359 -1089
2180 4360
4360 -1088
2180 4361
4361 -1409
2181 4362
4362 -1408
2181 4363
4363 -1403
2182 4364
4364 -1402
2182 4365
4365 -1401
2183 4366
4366 -1400
2183 4367
4367 -1407
2184 4368
4368 -1406
2184 4369
4369 -1405
2185 4370
4370 -1404
2185 4371
4371 -692
2186 4372
4372 -449
2186 4373
4373 -448
2187 4374
4374 -1339
2187 4375
4375 -1338
2188 4376
4376 -693
2188 4377
4377 -1335
2189 4378
4378 -1334
2189 4379
4379 -441
2190 4380
4380 -1336
2190 4381
4381 -1331
2191 4382
4382 -1330
2191 4383
4383 -445
2192 4384
4384 -1332
2192 4385
4385 -1545
2193 4386
4386 -696
2193 4387
4387 -697
2194 4388
4388 -39
2194 4389
4389 -38
2195 4390
4390 -1540
2195 4391
4391 -33
2196 4392
4392 -32
2196 4393
4393 -31
2197 4394
4394 -30
2197 4395
4395 -37
2198 4396
4396 -36
2198 4397
4397 -35
2199 4398
4398 -34
2199 4399
4399 -641
2200 4400
4400 -640
2200 4401
4401 -643
2201 4402
4402 -1534
2201 4403
4403 -645
2202 4404
4404 -644
2202 4405
4405 -1247
2203 4406
4406 -1246
2203 4407
4407 -1249
2204 4408
4408 -1248
2204 4409
4409 -1539
2205 4410
4410 -1538
2205 4411
4411 -339
2206 4412
4412 -338
2206 4413
4413 -335
2207 4414
4414 -334
2207 4415
4415 -337
2208 4416
4416 -336
2208 4417
4417 -331
2209 4418
4418 -330
2209 4419
4419 -333
2210 4420
4420 -332
2210 4421
4421 -545
2211 4422
4422 -8
2211 4423
4423 -1464
2212 4424
4424 -2119
2212 4425
4425 -1636
2213 4426
4426 -1352
2213 4427
4427 -2345
2214 4428
4428 -2344
2214 4429
4429 -2347
2215 4430
4430 -2346
2215 4431
4431 -2341
2216 4432
4432 -2340
2216 4433
4433 -2343
2217 4434
4434 -2342
2217 4435
4435 -2349
2218 4436
4436 -2348
2218 4437
4437 -1889
2219 4438
4438 -1888
2219 4439
4439 -1887
2220 4440
4440 -1886
2220 4441
4441 -1885
2221 4442
4442 -1884
2221 4443
4443 -1883
2222 4444
4444 -1882
2222 4445
4445 -1881
2223 4446
4446 -1880
2223 4447
4447 -2121
2224 4448
4448 -2120
2224 4449
4449 -2123
2225 4450
4450 -2122
2225 4451
4451 -2125
2226 4452
4452 -2124
2226 4453
4453 -2127
2227 4454
4454 -2126
2227 4455
4455 -946
2228 4456
4456 -947
2228 4457
4457 -944
2229 4458
4458 -945
2229 4459
4459 -942
2230 4460
4460 -943
2230 4461
4461 -940
2231 4462
4462 -941
2231 4463
4463 -2410
2232 4464
4464 -642
2232 4465
4465 -133
2233 4466
4466 -132
2233 4467
4467 -131
2234 4468
4468 -130
2234 4469
4469 -137
2235 4470
4470 -136
2235 4471
4471 -135
2236 4472
4472 -134
2236 4473
4473 -139
2237 4474
4474 -138
2237 4475
4475 -410
2238 4476
4476 -2019
2238 4477
4477 -2018
2239 4478
4478 -2015
2239 4479
4479 -2014
2240 4480
4480 -2017
2240 4481
4481 -2016
2241 4482
4482 -2011
2241 4483
4483 -2010
2242 4484
4484 -2013
2242 4485
4485 -2012
2243 4486
4486 -2112
2243 4487
4487 -708
2244 4488
4488 -709
2244 4489
4489 -704
2245 4490
4490 -705
2245 4491
4491 -706
2246 4492
4492 -707
2246 4493
4493 -700
2247 4494
4494 -701
2247 4495
4495 -702
2248 4496
4496 -703
2248 4497
4497 -88
2249 4498
4498 -89
2249 4499
4499 -82
2250 4500
4500 -83
2250 4501
4501 -80
2251 4502
4502 -81
2251 4503
4503 -86
2252 4504
4504 -87
2252 4505
4505 -84
2253 4506
4506 -85
2253 4507
4507 -1658
2254 4508
4508 -1659
2254 4509
4509 -1652
2255 4510
4510 -1653
2255 4511
4511 -1650
2256 4512
4512 -1651
2256 4513
4513 -1656
2257 4514
4514 -1657
2257 4515
4515 -1654
2258 4516
4516 -1655
2258 4517
4517 -586
2259 4518
4518 -1630
2259 4519
4519 -584
2260 4520
4520 -585
2260 4521
4521 -582
2261 4522
4522 -583
2261 4523
4523 -580
2262 4524
4524 -1987
2262 4525
4525 -1984
2263 4526
4526 -588
2263 4527
4527 -589
2264 4528
4528 -1985
2264 4529
4529 -1634
2265 4530
4530 -1635
2265 4531
4531 -1436
2266 4532
4532 -1437
2266 4533
4533 -1434
2267 4534
4534 -1435
2267 4535
4535 -1432
2268 4536
4536 -1433
2268 4537
4537 -1430
2269 4538
4538 -1431
2269 4539
4539 -1380
2270 4540
4540 -1637
2270 4541
4541 -1438
2271 4542
4542 -419
2271 4543
4543 -1349
2272 4544
4544 -1348
2272 4545
4545 -459
2273 4546
4546 -450
2273 4547
4547 -1341
2274 4548
4548 -1342
2274 4549
4549 -453
2275 4550
4550 -454
2275 4551
4551 -455
2276 4552
4552 -456
2276 4553
4553 -1347
2277 4554
4554 -517
2277 4555
4555 -1266
2278 4556
4556 -1502
2278 4557
4557 -657
2279 4558
4558 -654
2279 4559
4559 -655
2280 4560
4560 -1506
2280 4561
4561 -1507
2281 4562
4562 -650
2281 4563
4563 -1505
2282 4564
4564 -1508
2282 4565
4565 -1509
2283 4566
4566 -658
2283 4567
4567 -659
2284 4568
4568 -948
2284 4569
4569 -55
2285 4570
4570 -949
2285 4571
4571 -2129
2286 4572
4572 -2128
2286 4573
4573 -631
2287 4574
4574 -1292
2287 4575
4575 -322
2288 4576
4576 -323
2288 4577
4577 -320
2289 4578
4578 -321
2289 4579
4579 -326
2290 4580
4580 -327
2290 4581
4581 -324
2291 4582
4582 -325
2291 4583
4583 -328
2292 4584
4584 -329
2292 4585
4585 -758
2293 4586
4586 -1340
2293 4587
4587 -2330
2294 4588
4588 -2331
2294 4589
4589 -2332
2295 4590
4590 -2333
2295 4591
4591 -2334
2296 4592
4592 -2335
2296 4593
4593 -2336
2297 4594
4594 -2337
2297 4595
4595 -2338
2298 4596
4596 -2339
2298 4597
4597 -1598
2299 4598
4598 -2248
2299 4599
4599 -2249
2300 4600
4600 -2244
2300 4601
4601 -2245
2301 4602
4602 -2246
2301 4603
4603 -2247
2302 4604
4604 -2240
2302 4605
4605 -2241
2303 4606
4606 -2242
2303 4607
4607 -2243
2304 4608
4608 -995
2304 4609
4609 -994
2305 4610
4610 -997
2305 4611
4611 -996
2306 4612
4612 -991
2306 4613
4613 -990
2307 4614
4614 -993
2307 4615
4615 -992
2308 4616
4616 -999
2308 4617
4617 -998
2309 4618
4618 -120
2309 4619
4619 -121
2310 4620
4620 -122
2310 4621
4621 -1026
2311 4622
4622 -124
2311 4623
4623 -125
2312 4624
4624 -126
2312 4625
4625 -127
2313 4626
4626 -128
2313 4627
4627 -129
2314 4628
4628 -1295
2314 4629
4629 -2068
2315 4630
4630 -2069
2315 4631
4631 -2060
2316 4632
4632 -2061
2316 4633
4633 -2062
2317 4634
4634 -2063
2317 4635
4635 -2064
2318 4636
4636 -2065
2318 4637
4637 -2066
2319 4638
4638 -2067
2319 4639
4639 -1748
2320 4640
4640 -723
2320 4641
4641 -1645
2321 4642
4642 -1644
2321 4643
4643 -1647
2322 4644
4644 -1646
2322 4645
4645 -1641
2323 4646
4646 -1640
2323 4647
4647 -1643
2324 4648
4648 -1642
2324 4649
4649 -1649
2325 4650
4650 -1648
2325 4651
4651 -1742
2326 4652
4652 -1743
2326 4653
4653 -1252
2327 4654
4654 -579
2327 4655
4655 -578
2328 4656
4656 -604
2328 4657
4657 -573
2329 4658
4658 -572
2329 4659
4659 -571
2330 4660
4660 -570
2330 4661
4661 -577
2331 4662
4662 -576
2331 4663
4663 -575
2332 4664
4664 -574
2332 4665
4665 -1209
2333 4666
4666 -1208
2333 4667
4667 -1421
2334 4668
4668 -1420
2334 4669
4669 -1423
2335 4670
4670 -1422
2335 4671
4671 -1425
2336 4672
4672 -1424
2336 4673
4673 -1427
2337 4674
4674 -2407
2337 4675
4675 -1429
2338 4676
4676 -1428
2338 4677
4677 -2156
2339 4678
4678 -731
2339 4679
4679 -730
2340 4680
4680 -733
2340 4681
4681 -938
2341 4682
4682 -735
2341 4683
4683 -734
2342 4684
4684 -737
2342 4685
4685 -736
2343 4686
4686 -739
2343 4687
4687 -738
2344 4688
4688 -2151
2344 4689
4689 -1359
2345 4690
4690 -1358
2345 4691
4691 -469
2346 4692
4692 -468
2346 4693
4693 -1353
2347 4694
4694 -1201
2347 4695
4695 -1351
2348 4696
4696 -1350
2348 4697
4697 -1357
2349 4698
4698 -1356
2349 4699
4699 -1355
2350 4700
4700 -1354
2350 4701
4701 -937
2351 4702
4702 -936
2351 4703
4703 -1519
2352 4704
4704 -1518
2352 4705
4705 -1515
2353 4706
4706 -1514
2353 4707
4707 -1517
2354 4708
4708 -934
2354 4709
4709 -1511
2355 4710
4710 -1510
2355 4711
4711 -1513
2356 4712
4712 -1512
2356 4713
4713 -281
2357 4714
4714 -1275
2357 4715
4715 -1138
2358 4716
4716 -357
2358 4717
4717 -356
2359 4718
4718 -355
2359 4719
4719 -354
2360 4720
4720 -353
2360 4721
4721 -352
2361 4722
4722 -351
2361 4723
4723 -350
2362 4724
4724 -359
2362 4725
4725 -358
2363 4726
4726 -2323
2363 4727
4727 -2322
2364 4728
4728 -2321
2364 4729
4729 -2320
2365 4730
4730 -2327
2365 4731
4731 -2326
2366 4732
4732 -2325
2366 4733
4733 -2324
2367 4734
4734 -2329
2367 4735
4735 -2328
2368 4736
4736 -1113
2368 4737
4737 -289
2369 4738
4738 -288
2369 4739
4739 -1444
2370 4740
4740 -1793
2370 4741
4741 -280
2371 4742
4742 -283
2371 4743
4743 -282
2372 4744
4744 -285
2372 4745
4745 -284
2373 4746
4746 -287
2373 4747
4747 -286
2374 4748
4748 -1117
2374 4749
4749 -1440
2375 4750
4750 -263
2375 4751
4751 -262
2376 4752
4752 -261
2376 4753
4753 -260
2377 4754
4754 -267
2377 4755
4755 -266
2378 4756
4756 -265
2378 4757
4757 -264
2379 4758
4758 -269
2379 4759
4759 -268
2380 4760
4760 -1562
2380 4761
4761 -1563
2381 4762
4762 -1296
2381 4763
4763 -2192
2382 4764
4764 -1297
2382 4765
4765 -2193
2383 4766
4766 -1566
2383 4767
4767 -2259
2384 4768
4768 -2258
2384 4769
4769 -2257
2385 4770
4770 -2256
2385 4771
4771 -2255
2386 4772
4772 -2254
2386 4773
4773 -2253
2387 4774
4774 -2252
2387 4775
4775 -2251
2388 4776
4776 -2250
2388 4777
4777 -988
2389 4778
4778 -989
2389 4779
4779 -982
2390 4780
4780 -983
2390 4781
4781 -980
2391 4782
4782 -981
2391 4783
4783 -986
2392 4784
4784 -987
2392 4785
4785 -984
2393 4786
4786 -985
2393 4787
4787 -115
2394 4788
4788 -114
2394 4789
4789 -117
2395 4790
4790 -116
2395 4791
4791 -111
2396 4792
4792 -110
2396 4793
4793 -113
2397 4794
4794 -253
2397 4795
4795 -119
2398 4796
4796 -118
2398 4797
4797 -1797
2399 4798
4798 -2079
2399 4799
4799 -2078
2400 4800
4800 -2073
2400 4801
4801 -2072
2401 4802
4802 -2071
2401 4803
4803 -2070
2402 4804
4804 -2077
2402 4805
4805 -2076
2403 4806
4806 -2075
2403 4807
4807 -2074
2404 4808
4808 -1986
2404 4809
4809 -1631
2405 4810
4810 -1632
2405 4811
4811 -1633
2406 4812
4812 -1982
2406 4813
4813 -1983
2407 4814
4814 -1980
2407 4815
4815 -1981
2408 4816
4816 -1638
2408 4817
4817 -1639
2409 4818
4818 -1988
2409 4819
4819 -1989
2410 4820
4820 -568
2410 4821
4821 -569
2411 4822
4822 -560
2411 4823
4823 -561
2412 4824
4824 -562
2412 4825
4825 -563
2413 4826
4826 -564
2413 4827
4827 -565
2414 4828
4828 -566
2414 4829
4829 -567
2415 4830
4830 -1188
2415 4831
4831 -1189
2416 4832
4832 -1186
2416 4833
4833 -1187
2417 4834
4834 -1184
2417 4835
4835 -1185
2418 4836
4836 -1182
2418 4837
4837 -1183
2419 4838
4838 -1180
2419 4839
4839 -1181
2420 4840
4840 -726
2420 4841
4841 -727
2421 4842
4842 -724
2421 4843
4843 -725
2422 4844
4844 -722
2422 4845
4845 -1749
2423 4846
4846 -720
2423 4847
4847 -721
2424 4848
4848 -1744
2424 4849
4849 -1745
2425 4850
4850 -1746
2425 4851
4851 -1747
2426 4852
4852 -1740
2426 4853
4853 -1741
2427 4854
4854 -728
2427 4855
4855 -729
2428 4856
4856 -1164
2428 4857
4857 -1165
2429 4858
4858 -1166
2429 4859
4859 -1167
2430 4860
4860 -1160
2430 4861
4861 -1161
2431 4862
4862 -1162
2431 4863
4863 -1163
2432 4864
4864 -1168
2432 4865
4865 -1169
2433 4866
4866 -1366
2433 4867
4867 -48
2434 4868
4868 -49
2434 4869
4869 -46
2435 4870
4870 -47
2435 4871
4871 -44
2436 4872
4872 -45
2436 4873
4873 -42
2437 4874
4874 -43
2437 4875
4875 -40
2438 4876
4876 -41
2438 4877
4877 -1568
2439 4878
4878 -1569
2439 4879
4879 -1298
2440 4880
4880 -1299
2440 4881
4881 -1560
2441 4882
4882 -1561
2441 4883
4883 -1290
2442 4884
4884 -1291
2442 4885
4885 -1564
2443 4886
4886 -1565
2443 4887
4887 -1294
2444 4888
4888 -1567
2444 4889
4889 -1713
2445 4890
4890 -474
2445 4891
4891 -1712
2446 4892
4892 -475
2446 4893
4893 -1711
2447 4894
4894 -794
2447 4895
4895 -793
2448 4896
4896 -1716
2448 4897
4897 -1715
2449 4898
4898 -790
2449 4899
4899 -472
2450 4900
4900 -1367
2450 4901
4901 -1364
2451 4902
4902 -471
2451 4903
4903 -1362
2452 4904
4904 -1363
2452 4905
4905 -1360
2453 4906
4906 -1361
2453 4907
4907 -478
2454 4908
4908 -479
2454 4909
4909 -1368
2455 4910
4910 -1369
